1	3	0	21.89316	340.5176	70.51765	1099.482	829.4824	4	3
2	1	1	1.988233	340.5176	70.51765	1099.482	829.4824	68	3
3	3	1	1.318207	340.5176	70.51765	1099.482	829.4824	16	3
4	4	1	1.654219	340.5176	70.51765	1099.482	829.4824	26	3
5	3	1	3.165954	340.5176	70.51765	1099.482	829.4824	61	3
6	5	1	1.261238	340.5176	70.51765	1099.482	829.4824	87	3
7	6	1	2.068067	340.5176	70.51765	1099.482	829.4824	48	3
8	5	0	2.947161	340.5176	70.51765	1099.482	829.4824	22	3
9	5	1	0.7400411	340.5176	70.51765	1099.482	829.4824	35	3
10	6	1	2.457942	340.5176	70.51765	1099.482	829.4824	91	3
11	3	1	1.815725	340.5176	70.51765	1099.482	829.4824	12	3
12	4	1	0.9949027	340.5176	70.51765	1099.482	829.4824	78	3
13	3	1	2.769403	340.5176	70.51765	1099.482	829.4824	15	3
14	4	0	3.916794	340.5176	70.51765	1099.482	829.4824	55	3
15	6	0	0.9430795	340.5176	70.51765	1099.482	829.4824	24	3
16	6	1	1.13378	340.5176	70.51765	1099.482	829.4824	45	3
17	5	1	1.705596	340.5176	70.51765	1099.482	829.4824	84	3
18	1	1	5.371248	340.5176	70.51765	1099.482	829.4824	67	3
19	5	1	1.37541	340.5176	70.51765	1099.482	829.4824	39	3
20	4	1	1.750968	340.5176	70.51765	1099.482	829.4824	79	3
21	NaN	NaN	4.249021	340.5176	70.51765	1099.482	829.4824	17	3
22	5	0	1.590884	340.5176	70.51765	1099.482	829.4824	1	3
23	3	1	0.9284146	340.5176	70.51765	1099.482	829.4824	57	3
24	5	1	1.803068	340.5176	70.51765	1099.482	829.4824	34	3
25	6	1	2.123308	340.5176	70.51765	1099.482	829.4824	90	3
26	6	1	2.528666	340.5176	70.51765	1099.482	829.4824	96	3
27	NaN	NaN	2.021484	340.5176	70.51765	1099.482	829.4824	21	3
28	4	1	1.810671	340.5176	70.51765	1099.482	829.4824	73	3
29	6	1	5.20881	340.5176	70.51765	1099.482	829.4824	95	3
30	5	0	2.259328	340.5176	70.51765	1099.482	829.4824	51	3
31	3	1	2.674207	340.5176	70.51765	1099.482	829.4824	64	3
32	3	1	2.545235	340.5176	70.51765	1099.482	829.4824	62	3
33	5	1	1.025418	340.5176	70.51765	1099.482	829.4824	38	3
34	6	1	2.521976	340.5176	70.51765	1099.482	829.4824	93	3
35	6	1	2.845644	340.5176	70.51765	1099.482	829.4824	94	3
36	NaN	NaN	2.574459	340.5176	70.51765	1099.482	829.4824	44	3
37	NaN	NaN	2.860592	340.5176	70.51765	1099.482	829.4824	33	3
38	6	0	1.754168	340.5176	70.51765	1099.482	829.4824	18	3
39	5	1	2.455464	340.5176	70.51765	1099.482	829.4824	36	3
40	6	0	1.815479	340.5176	70.51765	1099.482	829.4824	72	3
41	4	1	1.093689	340.5176	70.51765	1099.482	829.4824	80	3
42	1	1	1.483095	340.5176	70.51765	1099.482	829.4824	71	3
43	6	0	2.515637	340.5176	70.51765	1099.482	829.4824	20	3
44	1	1	3.037011	340.5176	70.51765	1099.482	829.4824	66	3
45	3	1	1.636117	340.5176	70.51765	1099.482	829.4824	10	3
46	5	0	2.321245	340.5176	70.51765	1099.482	829.4824	3	3
47	6	1	1.533482	340.5176	70.51765	1099.482	829.4824	43	3
48	5	1	1.836029	340.5176	70.51765	1099.482	829.4824	85	3
49	6	0	2.118524	340.5176	70.51765	1099.482	829.4824	23	3
50	3	1	1.971123	340.5176	70.51765	1099.482	829.4824	14	3
51	6	0	4.019591	340.5176	70.51765	1099.482	829.4824	56	3
52	NaN	NaN	2.909111	340.5176	70.51765	1099.482	829.4824	41	3
53	3	1	1.630304	340.5176	70.51765	1099.482	829.4824	11	3
54	6	1	0.9954611	340.5176	70.51765	1099.482	829.4824	46	3
55	3	1	1.22593	340.5176	70.51765	1099.482	829.4824	59	3
56	5	0	4.191102	340.5176	70.51765	1099.482	829.4824	5	3
57	3	0	3.166033	340.5176	70.51765	1099.482	829.4824	2	3
58	3	0	6.685824	340.5176	70.51765	1099.482	829.4824	8	3
59	4	1	1.182617	340.5176	70.51765	1099.482	829.4824	27	3
60	5	0	1.851753	340.5176	70.51765	1099.482	829.4824	58	3
61	NaN	NaN	3.878915	340.5176	70.51765	1099.482	829.4824	65	3
62	4	1	0.8945616	340.5176	70.51765	1099.482	829.4824	77	3
63	3	0	3.822754	340.5176	70.51765	1099.482	829.4824	6	3
64	4	1	2.585724	340.5176	70.51765	1099.482	829.4824	25	3
65	3	0	3.434128	340.5176	70.51765	1099.482	829.4824	52	3
66	5	1	1.936785	340.5176	70.51765	1099.482	829.4824	88	3
67	4	1	1.474231	340.5176	70.51765	1099.482	829.4824	75	3
68	NaN	NaN	6.840052	340.5176	70.51765	1099.482	829.4824	69	3
69	4	1	2.244344	340.5176	70.51765	1099.482	829.4824	29	3
70	4	1	2.14052	340.5176	70.51765	1099.482	829.4824	76	3
71	3	0	2.944202	340.5176	70.51765	1099.482	829.4824	7	3
72	5	1	1.017793	340.5176	70.51765	1099.482	829.4824	81	3
73	6	1	1.363554	340.5176	70.51765	1099.482	829.4824	42	3
74	4	1	2.240439	340.5176	70.51765	1099.482	829.4824	31	3
75	3	0	6.044821	340.5176	70.51765	1099.482	829.4824	49	3
76	6	0	6.835051	340.5176	70.51765	1099.482	829.4824	53	3
77	3	1	2.209485	340.5176	70.51765	1099.482	829.4824	63	3
78	4	1	2.23527	340.5176	70.51765	1099.482	829.4824	28	3
79	6	0	15.22411	340.5176	70.51765	1099.482	829.4824	50	3
80	6	1	1.245318	340.5176	70.51765	1099.482	829.4824	89	3
81	5	1	0.7771938	340.5176	70.51765	1099.482	829.4824	82	3
82	6	1	1.029199	340.5176	70.51765	1099.482	829.4824	92	3
83	4	1	0.7414604	340.5176	70.51765	1099.482	829.4824	32	3
84	NaN	NaN	1.76954	340.5176	70.51765	1099.482	829.4824	83	3
85	5	0	2.3994	340.5176	70.51765	1099.482	829.4824	19	3
86	6	0	2.51579	340.5176	70.51765	1099.482	829.4824	70	3
87	3	1	1.179187	340.5176	70.51765	1099.482	829.4824	13	3
88	5	1	1.715296	340.5176	70.51765	1099.482	829.4824	86	3
89	5	1	1.611518	340.5176	70.51765	1099.482	829.4824	40	3
90	4	1	0.8450446	340.5176	70.51765	1099.482	829.4824	74	3
91	4	1	0.6997521	340.5176	70.51765	1099.482	829.4824	30	3
92	NaN	NaN	1.351439	340.5176	70.51765	1099.482	829.4824	47	3
93	5	1	2.984545	340.5176	70.51765	1099.482	829.4824	37	3
94	3	1	2.898132	340.5176	70.51765	1099.482	829.4824	9	3
95	3	1	5.89254	340.5176	70.51765	1099.482	829.4824	60	3
96	3	0	8.266093	340.5176	70.51765	1099.482	829.4824	54	3
