1	3	0	14.37032	340.5176	70.51765	1099.482	829.4824	32	3
2	3	0	40.94202	340.5176	70.51765	1099.482	829.4824	40	3
3	6	0	11.78704	340.5176	70.51765	1099.482	829.4824	22	3
4	2	0	10.7238	340.5176	70.51765	1099.482	829.4824	34	3
5	6	1	3.934931	340.5176	70.51765	1099.482	829.4824	92	3
6	6	1	11.15186	340.5176	70.51765	1099.482	829.4824	91	3
7	5	1	10.837	340.5176	70.51765	1099.482	829.4824	35	3
8	3	0	9.611885	340.5176	70.51765	1099.482	829.4824	6	3
9	1	0	13.38599	340.5176	70.51765	1099.482	829.4824	55	3
10	2	1	8.18351	340.5176	70.51765	1099.482	829.4824	3	3
11	6	1	4.665132	340.5176	70.51765	1099.482	829.4824	96	3
12	6	0	6.009883	340.5176	70.51765	1099.482	829.4824	68	3
13	3	1	2.605336	340.5176	70.51765	1099.482	829.4824	16	3
14	1	1	13.59579	340.5176	70.51765	1099.482	829.4824	69	3
15	3	1	2.859444	340.5176	70.51765	1099.482	829.4824	11	3
16	1	0	7.914602	340.5176	70.51765	1099.482	829.4824	54	3
17	4	1	8.020088	340.5176	70.51765	1099.482	829.4824	30	3
18	6	1	3.186976	340.5176	70.51765	1099.482	829.4824	45	3
19	4	1	4.372063	340.5176	70.51765	1099.482	829.4824	77	3
20	6	0	2.286585	340.5176	70.51765	1099.482	829.4824	60	3
21	4	1	2.501314	340.5176	70.51765	1099.482	829.4824	74	3
22	4	1	3.842698	340.5176	70.51765	1099.482	829.4824	78	3
23	6	0	2.361275	340.5176	70.51765	1099.482	829.4824	72	3
24	3	1	3.779611	340.5176	70.51765	1099.482	829.4824	62	3
25	3	0	4.121789	340.5176	70.51765	1099.482	829.4824	70	3
26	2	1	7.724624	340.5176	70.51765	1099.482	829.4824	51	3
27	5	1	2.910279	340.5176	70.51765	1099.482	829.4824	33	3
28	3	0	4.252242	340.5176	70.51765	1099.482	829.4824	7	3
29	5	1	6.399873	340.5176	70.51765	1099.482	829.4824	86	3
30	5	1	8.054649	340.5176	70.51765	1099.482	829.4824	38	3
31	3	1	2.199089	340.5176	70.51765	1099.482	829.4824	58	3
32	4	1	2.927218	340.5176	70.51765	1099.482	829.4824	76	3
33	3	0	4.273512	340.5176	70.51765	1099.482	829.4824	81	3
34	6	1	9.294798	340.5176	70.51765	1099.482	829.4824	89	3
35	4	0	7.921827	340.5176	70.51765	1099.482	829.4824	42	3
36	4	1	1.966654	340.5176	70.51765	1099.482	829.4824	28	3
37	3	0	7.054433	340.5176	70.51765	1099.482	829.4824	17	3
38	6	1	11.66139	340.5176	70.51765	1099.482	829.4824	41	3
39	6	1	3.514482	340.5176	70.51765	1099.482	829.4824	47	3
40	4	1	4.743248	340.5176	70.51765	1099.482	829.4824	80	3
41	3	1	3.989984	340.5176	70.51765	1099.482	829.4824	14	3
42	6	1	3.341086	340.5176	70.51765	1099.482	829.4824	46	3
43	1	0	4.253026	340.5176	70.51765	1099.482	829.4824	56	3
44	6	0	10.87156	340.5176	70.51765	1099.482	829.4824	63	3
45	NaN	NaN	10.28065	340.5176	70.51765	1099.482	829.4824	93	3
46	NaN	NaN	11.44513	340.5176	70.51765	1099.482	829.4824	8	3
47	1	1	13.04151	340.5176	70.51765	1099.482	829.4824	67	3
48	1	0	4.886884	340.5176	70.51765	1099.482	829.4824	84	3
49	6	1	3.966088	340.5176	70.51765	1099.482	829.4824	90	3
50	5	1	3.630942	340.5176	70.51765	1099.482	829.4824	83	3
51	3	1	3.596802	340.5176	70.51765	1099.482	829.4824	59	3
52	4	1	2.085632	340.5176	70.51765	1099.482	829.4824	79	3
53	5	0	3.16013	340.5176	70.51765	1099.482	829.4824	5	3
54	6	1	3.164937	340.5176	70.51765	1099.482	829.4824	48	3
55	1	0	4.713281	340.5176	70.51765	1099.482	829.4824	53	3
56	4	1	2.734715	340.5176	70.51765	1099.482	829.4824	29	3
57	6	0	2.066678	340.5176	70.51765	1099.482	829.4824	21	3
58	4	1	4.775314	340.5176	70.51765	1099.482	829.4824	25	3
59	6	0	1.877746	340.5176	70.51765	1099.482	829.4824	52	3
60	5	1	4.852833	340.5176	70.51765	1099.482	829.4824	37	3
61	3	1	8.641588	340.5176	70.51765	1099.482	829.4824	64	3
62	4	1	6.367875	340.5176	70.51765	1099.482	829.4824	31	3
63	NaN	NaN	9.81164	340.5176	70.51765	1099.482	829.4824	49	3
64	4	1	2.1759	340.5176	70.51765	1099.482	829.4824	27	3
65	6	0	2.329083	340.5176	70.51765	1099.482	829.4824	61	3
66	1	0	2.844961	340.5176	70.51765	1099.482	829.4824	88	3
67	1	0	9.100648	340.5176	70.51765	1099.482	829.4824	50	3
68	5	1	3.19696	340.5176	70.51765	1099.482	829.4824	87	3
69	4	1	1.258834	340.5176	70.51765	1099.482	829.4824	26	3
70	6	1	2.018583	340.5176	70.51765	1099.482	829.4824	43	3
71	6	1	4.977488	340.5176	70.51765	1099.482	829.4824	94	3
72	1	1	6.631792	340.5176	70.51765	1099.482	829.4824	19	3
73	4	0	1.868674	340.5176	70.51765	1099.482	829.4824	44	3
74	3	1	3.307709	340.5176	70.51765	1099.482	829.4824	15	3
75	4	1	4.778478	340.5176	70.51765	1099.482	829.4824	73	3
76	2	1	4.59602	340.5176	70.51765	1099.482	829.4824	1	3
77	5	1	4.317356	340.5176	70.51765	1099.482	829.4824	36	3
78	2	0	13.53891	340.5176	70.51765	1099.482	829.4824	82	3
79	6	0	3.160055	340.5176	70.51765	1099.482	829.4824	71	3
80	6	0	11.55379	340.5176	70.51765	1099.482	829.4824	23	3
81	6	0	4.434007	340.5176	70.51765	1099.482	829.4824	65	3
82	5	0	9.429611	340.5176	70.51765	1099.482	829.4824	2	3
83	5	0	1.520426	340.5176	70.51765	1099.482	829.4824	4	3
84	6	0	3.020822	340.5176	70.51765	1099.482	829.4824	18	3
85	NaN	NaN	7.37702	340.5176	70.51765	1099.482	829.4824	85	3
86	4	1	1.485839	340.5176	70.51765	1099.482	829.4824	75	3
87	NaN	NaN	11.04286	340.5176	70.51765	1099.482	829.4824	24	3
88	4	0	2.110418	340.5176	70.51765	1099.482	829.4824	95	3
89	1	0	5.808105	340.5176	70.51765	1099.482	829.4824	39	3
90	3	1	2.598446	340.5176	70.51765	1099.482	829.4824	13	3
91	1	0	7.295582	340.5176	70.51765	1099.482	829.4824	9	3
92	6	0	1.756147	340.5176	70.51765	1099.482	829.4824	66	3
93	NaN	NaN	5.982202	340.5176	70.51765	1099.482	829.4824	20	3
94	1	0	5.254976	340.5176	70.51765	1099.482	829.4824	57	3
95	3	1	1.761609	340.5176	70.51765	1099.482	829.4824	10	3
96	5	0	1.824061	340.5176	70.51765	1099.482	829.4824	12	3
1	4	1	2.280193	340.5176	70.51765	1099.482	829.4824	27	1
2	6	0	2.584611	340.5176	70.51765	1099.482	829.4824	21	1
3	3	1	7.465898	340.5176	70.51765	1099.482	829.4824	13	1
4	6	0	4.460889	340.5176	70.51765	1099.482	829.4824	84	1
5	1	1	6.919809	340.5176	70.51765	1099.482	829.4824	23	1
6	3	0	9.582867	340.5176	70.51765	1099.482	829.4824	66	1
7	5	1	5.116763	340.5176	70.51765	1099.482	829.4824	40	1
8	4	0	3.877357	340.5176	70.51765	1099.482	829.4824	44	1
9	6	1	1.469536	340.5176	70.51765	1099.482	829.4824	48	1
10	1	0	9.011177	340.5176	70.51765	1099.482	829.4824	36	1
11	NaN	NaN	4.595554	340.5176	70.51765	1099.482	829.4824	83	1
12	4	1	1.492303	340.5176	70.51765	1099.482	829.4824	78	1
13	4	1	1.258069	340.5176	70.51765	1099.482	829.4824	28	1
14	5	1	1.371292	340.5176	70.51765	1099.482	829.4824	88	1
15	3	1	4.10861	340.5176	70.51765	1099.482	829.4824	11	1
16	1	0	13.10057	340.5176	70.51765	1099.482	829.4824	37	1
17	3	1	14.04949	340.5176	70.51765	1099.482	829.4824	15	1
18	4	1	2.216643	340.5176	70.51765	1099.482	829.4824	77	1
19	3	1	2.428554	340.5176	70.51765	1099.482	829.4824	14	1
20	3	0	4.220146	340.5176	70.51765	1099.482	829.4824	4	1
21	6	0	6.849672	340.5176	70.51765	1099.482	829.4824	10	1
22	1	0	7.345355	340.5176	70.51765	1099.482	829.4824	8	1
23	5	0	5.505914	340.5176	70.51765	1099.482	829.4824	53	1
24	1	0	6.930993	340.5176	70.51765	1099.482	829.4824	56	1
25	4	0	2.095408	340.5176	70.51765	1099.482	829.4824	90	1
26	2	1	2.948951	340.5176	70.51765	1099.482	829.4824	3	1
27	6	0	4.347083	340.5176	70.51765	1099.482	829.4824	61	1
28	2	1	1.784854	340.5176	70.51765	1099.482	829.4824	49	1
29	4	1	1.022517	340.5176	70.51765	1099.482	829.4824	74	1
30	6	0	5.168384	340.5176	70.51765	1099.482	829.4824	33	1
31	6	0	2.282093	340.5176	70.51765	1099.482	829.4824	67	1
32	5	0	1.969517	340.5176	70.51765	1099.482	829.4824	12	1
33	6	0	5.580976	340.5176	70.51765	1099.482	829.4824	69	1
34	3	0	5.71774	340.5176	70.51765	1099.482	829.4824	94	1
35	2	0	8.829557	340.5176	70.51765	1099.482	829.4824	59	1
36	4	1	1.414337	340.5176	70.51765	1099.482	829.4824	76	1
37	6	0	2.053516	340.5176	70.51765	1099.482	829.4824	68	1
38	2	1	1.819843	340.5176	70.51765	1099.482	829.4824	50	1
39	5	1	2.946895	340.5176	70.51765	1099.482	829.4824	38	1
40	NaN	NaN	6.694194	340.5176	70.51765	1099.482	829.4824	9	1
41	6	0	2.160261	340.5176	70.51765	1099.482	829.4824	70	1
42	2	1	2.580956	340.5176	70.51765	1099.482	829.4824	7	1
43	NaN	NaN	3.577414	340.5176	70.51765	1099.482	829.4824	87	1
44	6	1	2.268148	340.5176	70.51765	1099.482	829.4824	46	1
45	1	1	4.551128	340.5176	70.51765	1099.482	829.4824	71	1
46	4	1	4.606653	340.5176	70.51765	1099.482	829.4824	80	1
47	4	0	1.957548	340.5176	70.51765	1099.482	829.4824	47	1
48	1	0	1.594786	340.5176	70.51765	1099.482	829.4824	34	1
49	4	1	2.414928	340.5176	70.51765	1099.482	829.4824	25	1
50	6	1	0.9485787	340.5176	70.51765	1099.482	829.4824	43	1
51	2	0	3.067725	340.5176	70.51765	1099.482	829.4824	57	1
52	2	1	4.760276	340.5176	70.51765	1099.482	829.4824	5	1
53	6	0	4.338313	340.5176	70.51765	1099.482	829.4824	35	1
54	NaN	NaN	4.937877	340.5176	70.51765	1099.482	829.4824	41	1
55	2	1	1.219464	340.5176	70.51765	1099.482	829.4824	51	1
56	5	1	1.588952	340.5176	70.51765	1099.482	829.4824	86	1
57	4	1	0.8776416	340.5176	70.51765	1099.482	829.4824	26	1
58	6	0	1.021967	340.5176	70.51765	1099.482	829.4824	17	1
59	4	1	1.041608	340.5176	70.51765	1099.482	829.4824	30	1
60	6	0	3.291469	340.5176	70.51765	1099.482	829.4824	6	1
61	1	0	4.948841	340.5176	70.51765	1099.482	829.4824	89	1
62	6	1	1.573838	340.5176	70.51765	1099.482	829.4824	93	1
63	4	1	0.7383197	340.5176	70.51765	1099.482	829.4824	31	1
64	3	1	1.083703	340.5176	70.51765	1099.482	829.4824	64	1
65	4	1	0.9146747	340.5176	70.51765	1099.482	829.4824	73	1
66	5	0	1.012323	340.5176	70.51765	1099.482	829.4824	54	1
67	6	0	2.595041	340.5176	70.51765	1099.482	829.4824	62	1
68	4	1	1.311264	340.5176	70.51765	1099.482	829.4824	75	1
69	5	1	4.712188	340.5176	70.51765	1099.482	829.4824	85	1
70	6	0	0.9817322	340.5176	70.51765	1099.482	829.4824	24	1
71	1	0	3.373705	340.5176	70.51765	1099.482	829.4824	39	1
72	3	0	2.718621	340.5176	70.51765	1099.482	829.4824	20	1
73	4	1	2.160473	340.5176	70.51765	1099.482	829.4824	79	1
74	6	1	0.845324	340.5176	70.51765	1099.482	829.4824	91	1
75	5	0	2.875676	340.5176	70.51765	1099.482	829.4824	52	1
76	6	1	1.157885	340.5176	70.51765	1099.482	829.4824	92	1
77	5	0	1.037541	340.5176	70.51765	1099.482	829.4824	60	1
78	6	0	1.286125	340.5176	70.51765	1099.482	829.4824	72	1
79	6	0	0.8259279	340.5176	70.51765	1099.482	829.4824	19	1
80	1	1	10.50239	340.5176	70.51765	1099.482	829.4824	22	1
81	5	1	1.40978	340.5176	70.51765	1099.482	829.4824	82	1
82	2	0	10.78538	340.5176	70.51765	1099.482	829.4824	58	1
83	3	1	2.947323	340.5176	70.51765	1099.482	829.4824	16	1
84	4	1	1.548881	340.5176	70.51765	1099.482	829.4824	32	1
85	6	1	2.117528	340.5176	70.51765	1099.482	829.4824	45	1
86	1	1	24.71127	340.5176	70.51765	1099.482	829.4824	65	1
87	2	1	2.877658	340.5176	70.51765	1099.482	829.4824	1	1
88	4	0	2.699865	340.5176	70.51765	1099.482	829.4824	42	1
89	6	0	3.481563	340.5176	70.51765	1099.482	829.4824	18	1
90	5	0	3.807162	340.5176	70.51765	1099.482	829.4824	2	1
91	2	1	2.688194	340.5176	70.51765	1099.482	829.4824	55	1
92	6	1	1.196488	340.5176	70.51765	1099.482	829.4824	96	1
93	4	0	1.790752	340.5176	70.51765	1099.482	829.4824	95	1
94	4	1	3.043552	340.5176	70.51765	1099.482	829.4824	29	1
95	1	0	2.322065	340.5176	70.51765	1099.482	829.4824	81	1
96	6	0	1.850298	340.5176	70.51765	1099.482	829.4824	63	1
1	6	0	3.957379	340.5176	70.51765	1099.482	829.4824	21	2
2	1	0	6.74768	340.5176	70.51765	1099.482	829.4824	28	2
3	1	0	2.236018	340.5176	70.51765	1099.482	829.4824	53	2
4	6	0	1.354372	340.5176	70.51765	1099.482	829.4824	7	2
5	6	1	1.137248	340.5176	70.51765	1099.482	829.4824	91	2
6	5	1	1.106957	340.5176	70.51765	1099.482	829.4824	83	2
7	4	1	0.7774037	340.5176	70.51765	1099.482	829.4824	30	2
8	4	1	0.8456246	340.5176	70.51765	1099.482	829.4824	31	2
9	5	0	2.598019	340.5176	70.51765	1099.482	829.4824	13	2
10	3	1	1.328047	340.5176	70.51765	1099.482	829.4824	15	2
11	5	1	1.177095	340.5176	70.51765	1099.482	829.4824	38	2
12	4	1	1.49576	340.5176	70.51765	1099.482	829.4824	29	2
13	5	0	1.858541	340.5176	70.51765	1099.482	829.4824	60	2
14	3	1	5.450685	340.5176	70.51765	1099.482	829.4824	64	2
15	2	1	2.768432	340.5176	70.51765	1099.482	829.4824	50	2
16	2	0	2.132174	340.5176	70.51765	1099.482	829.4824	82	2
17	5	0	2.017897	340.5176	70.51765	1099.482	829.4824	5	2
18	4	1	1.730549	340.5176	70.51765	1099.482	829.4824	79	2
19	2	0	2.390121	340.5176	70.51765	1099.482	829.4824	11	2
20	1	0	3.061758	340.5176	70.51765	1099.482	829.4824	33	2
21	1	1	2.486921	340.5176	70.51765	1099.482	829.4824	72	2
22	4	1	1.478217	340.5176	70.51765	1099.482	829.4824	27	2
23	5	0	1.461985	340.5176	70.51765	1099.482	829.4824	16	2
24	NaN	NaN	3.271072	340.5176	70.51765	1099.482	829.4824	39	2
25	4	0	1.467446	340.5176	70.51765	1099.482	829.4824	95	2
26	4	0	3.814239	340.5176	70.51765	1099.482	829.4824	93	2
27	1	0	1.8879	340.5176	70.51765	1099.482	829.4824	84	2
28	4	1	1.040125	340.5176	70.51765	1099.482	829.4824	74	2
29	2	1	2.216218	340.5176	70.51765	1099.482	829.4824	1	2
30	1	0	4.191048	340.5176	70.51765	1099.482	829.4824	63	2
31	4	1	0.7993432	340.5176	70.51765	1099.482	829.4824	26	2
32	6	0	7.58062	340.5176	70.51765	1099.482	829.4824	85	2
33	1	1	1.857267	340.5176	70.51765	1099.482	829.4824	18	2
34	4	0	1.259969	340.5176	70.51765	1099.482	829.4824	47	2
35	2	1	1.989044	340.5176	70.51765	1099.482	829.4824	3	2
36	2	0	3.387728	340.5176	70.51765	1099.482	829.4824	9	2
37	2	0	6.21023	340.5176	70.51765	1099.482	829.4824	48	2
38	1	0	1.86963	340.5176	70.51765	1099.482	829.4824	52	2
39	NaN	NaN	4.756844	340.5176	70.51765	1099.482	829.4824	58	2
40	1	0	2.9122	340.5176	70.51765	1099.482	829.4824	36	2
41	1	0	1.912563	340.5176	70.51765	1099.482	829.4824	35	2
42	1	0	1.157676	340.5176	70.51765	1099.482	829.4824	4	2
43	6	0	0.8898403	340.5176	70.51765	1099.482	829.4824	19	2
44	1	0	3.45643	340.5176	70.51765	1099.482	829.4824	37	2
45	2	0	5.328036	340.5176	70.51765	1099.482	829.4824	46	2
46	5	0	4.35512	340.5176	70.51765	1099.482	829.4824	10	2
47	2	0	2.167986	340.5176	70.51765	1099.482	829.4824	41	2
48	4	0	1.12435	340.5176	70.51765	1099.482	829.4824	90	2
49	1	1	1.40917	340.5176	70.51765	1099.482	829.4824	68	2
50	4	0	0.4367159	340.5176	70.51765	1099.482	829.4824	42	2
51	NaN	NaN	2.89078	340.5176	70.51765	1099.482	829.4824	70	2
52	6	0	1.470237	340.5176	70.51765	1099.482	829.4824	71	2
53	4	0	2.762638	340.5176	70.51765	1099.482	829.4824	45	2
54	1	0	1.205834	340.5176	70.51765	1099.482	829.4824	12	2
55	2	0	1.391515	340.5176	70.51765	1099.482	829.4824	17	2
56	1	0	1.227257	340.5176	70.51765	1099.482	829.4824	87	2
57	1	0	1.009932	340.5176	70.51765	1099.482	829.4824	88	2
58	NaN	NaN	4.942345	340.5176	70.51765	1099.482	829.4824	40	2
59	3	1	4.165937	340.5176	70.51765	1099.482	829.4824	62	2
60	2	0	0.779467	340.5176	70.51765	1099.482	829.4824	34	2
61	2	1	2.051298	340.5176	70.51765	1099.482	829.4824	6	2
62	5	1	0.847949	340.5176	70.51765	1099.482	829.4824	86	2
63	6	1	0.5676959	340.5176	70.51765	1099.482	829.4824	96	2
64	1	0	2.731128	340.5176	70.51765	1099.482	829.4824	61	2
65	6	0	2.680899	340.5176	70.51765	1099.482	829.4824	32	2
66	3	1	4.119145	340.5176	70.51765	1099.482	829.4824	59	2
67	6	1	1.39477	340.5176	70.51765	1099.482	829.4824	94	2
68	2	0	1.586519	340.5176	70.51765	1099.482	829.4824	89	2
69	6	0	4.524201	340.5176	70.51765	1099.482	829.4824	66	2
70	4	1	0.9658752	340.5176	70.51765	1099.482	829.4824	78	2
71	1	0	1.127401	340.5176	70.51765	1099.482	829.4824	8	2
72	1	0	0.8148936	340.5176	70.51765	1099.482	829.4824	54	2
73	6	0	0.8562143	340.5176	70.51765	1099.482	829.4824	23	2
74	5	0	0.7757107	340.5176	70.51765	1099.482	829.4824	56	2
75	2	0	0.8602536	340.5176	70.51765	1099.482	829.4824	57	2
76	4	1	1.101376	340.5176	70.51765	1099.482	829.4824	76	2
77	4	1	2.333741	340.5176	70.51765	1099.482	829.4824	77	2
78	2	0	1.380101	340.5176	70.51765	1099.482	829.4824	73	2
79	6	0	2.165413	340.5176	70.51765	1099.482	829.4824	69	2
80	3	1	3.803159	340.5176	70.51765	1099.482	829.4824	14	2
81	6	0	0.6787887	340.5176	70.51765	1099.482	829.4824	24	2
82	6	1	0.6757621	340.5176	70.51765	1099.482	829.4824	43	2
83	4	0	1.934007	340.5176	70.51765	1099.482	829.4824	92	2
84	2	0	1.555861	340.5176	70.51765	1099.482	829.4824	81	2
85	6	0	0.8547419	340.5176	70.51765	1099.482	829.4824	67	2
86	2	1	1.33146	340.5176	70.51765	1099.482	829.4824	55	2
87	2	0	0.9692443	340.5176	70.51765	1099.482	829.4824	65	2
88	1	1	1.158709	340.5176	70.51765	1099.482	829.4824	20	2
89	4	1	1.25248	340.5176	70.51765	1099.482	829.4824	80	2
90	5	0	1.71887	340.5176	70.51765	1099.482	829.4824	22	2
91	2	1	0.7099861	340.5176	70.51765	1099.482	829.4824	2	2
92	4	0	1.279383	340.5176	70.51765	1099.482	829.4824	44	2
93	4	1	0.7562863	340.5176	70.51765	1099.482	829.4824	25	2
94	2	1	0.4679391	340.5176	70.51765	1099.482	829.4824	49	2
95	2	1	0.2404703	340.5176	70.51765	1099.482	829.4824	51	2
96	4	1	1.245197	340.5176	70.51765	1099.482	829.4824	75	2
