1	4	1	0.8664866	550.4	130.4	1369.6	949.6	32	2
2	5	1	0.654335	550.4	130.4	1369.6	949.6	40	2
3	6	0	0.5130031	550.4	130.4	1369.6	949.6	22	2
4	2	0	0.7017487	550.4	130.4	1369.6	949.6	34	2
5	6	1	0.8114778	550.4	130.4	1369.6	949.6	92	2
6	6	1	1.739715	550.4	130.4	1369.6	949.6	91	2
7	2	0	1.987887	550.4	130.4	1369.6	949.6	35	2
8	2	1	0.2017814	550.4	130.4	1369.6	949.6	6	2
9	NaN	NaN	5.219068	550.4	130.4	1369.6	949.6	55	2
10	2	1	0.9191162	550.4	130.4	1369.6	949.6	3	2
11	6	1	1.295394	550.4	130.4	1369.6	949.6	96	2
12	1	1	1.276905	550.4	130.4	1369.6	949.6	68	2
13	3	1	0.8737266	550.4	130.4	1369.6	949.6	16	2
14	1	1	4.640066	550.4	130.4	1369.6	949.6	69	2
15	2	0	1.224361	550.4	130.4	1369.6	949.6	11	2
16	2	1	1.712139	550.4	130.4	1369.6	949.6	54	2
17	4	1	0.6837518	550.4	130.4	1369.6	949.6	30	2
18	4	0	1.137913	550.4	130.4	1369.6	949.6	45	2
19	4	1	0.6873694	550.4	130.4	1369.6	949.6	77	2
20	3	1	1.217473	550.4	130.4	1369.6	949.6	60	2
21	4	1	0.8516618	550.4	130.4	1369.6	949.6	74	2
22	4	1	0.5020712	550.4	130.4	1369.6	949.6	78	2
23	6	0	1.416953	550.4	130.4	1369.6	949.6	72	2
24	3	1	0.7427626	550.4	130.4	1369.6	949.6	62	2
25	2	0	7.317102	550.4	130.4	1369.6	949.6	70	2
26	2	1	0.7556038	550.4	130.4	1369.6	949.6	51	2
27	5	1	1.935534	550.4	130.4	1369.6	949.6	33	2
28	NaN	NaN	2.124376	550.4	130.4	1369.6	949.6	7	2
29	5	1	1.953298	550.4	130.4	1369.6	949.6	86	2
30	5	1	0.5058111	550.4	130.4	1369.6	949.6	38	2
31	3	1	5.708627	550.4	130.4	1369.6	949.6	58	2
32	4	1	0.9256014	550.4	130.4	1369.6	949.6	76	2
33	5	1	7.699821	550.4	130.4	1369.6	949.6	81	2
34	6	1	1.936105	550.4	130.4	1369.6	949.6	89	2
35	4	0	1.762979	550.4	130.4	1369.6	949.6	42	2
36	4	1	0.6436075	550.4	130.4	1369.6	949.6	28	2
37	6	0	1.762918	550.4	130.4	1369.6	949.6	17	2
38	2	0	1.838645	550.4	130.4	1369.6	949.6	41	2
39	2	0	3.856975	550.4	130.4	1369.6	949.6	47	2
40	4	1	0.7337494	550.4	130.4	1369.6	949.6	80	2
41	2	0	1.510639	550.4	130.4	1369.6	949.6	14	2
42	5	0	5.542139	550.4	130.4	1369.6	949.6	46	2
43	2	1	2.367703	550.4	130.4	1369.6	949.6	56	2
44	1	0	1.912602	550.4	130.4	1369.6	949.6	63	2
45	6	1	0.4391797	550.4	130.4	1369.6	949.6	93	2
46	2	1	2.225388	550.4	130.4	1369.6	949.6	8	2
47	6	0	2.195003	550.4	130.4	1369.6	949.6	67	2
48	1	0	3.067383	550.4	130.4	1369.6	949.6	84	2
49	4	0	0.414169	550.4	130.4	1369.6	949.6	90	2
50	NaN	NaN	2.631493	550.4	130.4	1369.6	949.6	83	2
51	3	1	0.4006257	550.4	130.4	1369.6	949.6	59	2
52	4	1	1.516249	550.4	130.4	1369.6	949.6	79	2
53	6	0	1.997793	550.4	130.4	1369.6	949.6	5	2
54	6	1	0.3954532	550.4	130.4	1369.6	949.6	48	2
55	6	0	0.7959972	550.4	130.4	1369.6	949.6	53	2
56	4	1	0.1248273	550.4	130.4	1369.6	949.6	29	2
57	6	0	3.546442	550.4	130.4	1369.6	949.6	21	2
58	4	1	0.09362804	550.4	130.4	1369.6	949.6	25	2
59	2	1	1.533114	550.4	130.4	1369.6	949.6	52	2
60	2	0	1.664762	550.4	130.4	1369.6	949.6	37	2
61	3	1	5.06123	550.4	130.4	1369.6	949.6	64	2
62	4	1	1.309144	550.4	130.4	1369.6	949.6	31	2
63	2	1	1.468043	550.4	130.4	1369.6	949.6	49	2
64	4	1	0.2461876	550.4	130.4	1369.6	949.6	27	2
65	2	0	3.678422	550.4	130.4	1369.6	949.6	61	2
66	5	1	2.94801	550.4	130.4	1369.6	949.6	88	2
67	3	0	0.7779769	550.4	130.4	1369.6	949.6	50	2
68	3	0	2.656373	550.4	130.4	1369.6	949.6	87	2
69	4	1	0.6239428	550.4	130.4	1369.6	949.6	26	2
70	6	1	1.665005	550.4	130.4	1369.6	949.6	43	2
71	4	0	0.4043054	550.4	130.4	1369.6	949.6	94	2
72	6	0	1.080235	550.4	130.4	1369.6	949.6	19	2
73	6	1	0.3406866	550.4	130.4	1369.6	949.6	44	2
74	3	1	1.091677	550.4	130.4	1369.6	949.6	15	2
75	4	1	0.5149391	550.4	130.4	1369.6	949.6	73	2
76	2	1	0.5303614	550.4	130.4	1369.6	949.6	1	2
77	1	0	2.371406	550.4	130.4	1369.6	949.6	36	2
78	5	1	1.296294	550.4	130.4	1369.6	949.6	82	2
79	1	1	3.916438	550.4	130.4	1369.6	949.6	71	2
80	1	1	0.2922172	550.4	130.4	1369.6	949.6	23	2
81	2	0	1.416314	550.4	130.4	1369.6	949.6	65	2
82	2	1	0.4675869	550.4	130.4	1369.6	949.6	2	2
83	3	0	1.94629	550.4	130.4	1369.6	949.6	4	2
84	1	1	1.215493	550.4	130.4	1369.6	949.6	18	2
85	5	1	2.221308	550.4	130.4	1369.6	949.6	85	2
86	4	1	0.2951514	550.4	130.4	1369.6	949.6	75	2
87	6	0	0.9781349	550.4	130.4	1369.6	949.6	24	2
88	6	1	0.7888453	550.4	130.4	1369.6	949.6	95	2
89	2	0	9.240902	550.4	130.4	1369.6	949.6	39	2
90	3	1	2.065203	550.4	130.4	1369.6	949.6	13	2
91	2	0	0.4041724	550.4	130.4	1369.6	949.6	9	2
92	1	1	0.9646224	550.4	130.4	1369.6	949.6	66	2
93	1	1	0.4277995	550.4	130.4	1369.6	949.6	20	2
94	2	0	0.7563217	550.4	130.4	1369.6	949.6	57	2
95	3	1	2.012462	550.4	130.4	1369.6	949.6	10	2
96	3	1	0.6292865	550.4	130.4	1369.6	949.6	12	2
1	3	0	2.182815	550.4	130.4	1369.6	949.6	54	1
2	3	0	1.921547	550.4	130.4	1369.6	949.6	37	1
3	3	1	0.358628	550.4	130.4	1369.6	949.6	62	1
4	5	1	0.9515763	550.4	130.4	1369.6	949.6	38	1
5	6	1	0.6340947	550.4	130.4	1369.6	949.6	47	1
6	6	0	0.30425	550.4	130.4	1369.6	949.6	65	1
7	6	1	0.025487	550.4	130.4	1369.6	949.6	94	1
8	5	0	0.9184304	550.4	130.4	1369.6	949.6	60	1
9	6	1	0.957311	550.4	130.4	1369.6	949.6	96	1
10	2	1	0.473796	550.4	130.4	1369.6	949.6	51	1
11	3	1	1.278483	550.4	130.4	1369.6	949.6	13	1
12	3	0	0.6919341	550.4	130.4	1369.6	949.6	85	1
13	3	0	0.3862725	550.4	130.4	1369.6	949.6	53	1
14	2	1	0.6104102	550.4	130.4	1369.6	949.6	1	1
15	3	1	0.6218156	550.4	130.4	1369.6	949.6	9	1
16	1	0	1.505743	550.4	130.4	1369.6	949.6	36	1
17	3	0	1.280464	550.4	130.4	1369.6	949.6	7	1
18	4	1	0.6497587	550.4	130.4	1369.6	949.6	77	1
19	3	1	0.7604987	550.4	130.4	1369.6	949.6	11	1
20	4	0	1.389795	550.4	130.4	1369.6	949.6	44	1
21	6	0	3.236959	550.4	130.4	1369.6	949.6	17	1
22	1	1	1.760904	550.4	130.4	1369.6	949.6	23	1
23	4	1	0.7276327	550.4	130.4	1369.6	949.6	76	1
24	6	1	2.518167	550.4	130.4	1369.6	949.6	89	1
25	3	1	1.231384	550.4	130.4	1369.6	949.6	10	1
26	4	1	0.8149295	550.4	130.4	1369.6	949.6	79	1
27	4	1	1.116881	550.4	130.4	1369.6	949.6	26	1
28	4	0	0.3406464	550.4	130.4	1369.6	949.6	90	1
29	5	1	0.9153693	550.4	130.4	1369.6	949.6	34	1
30	4	1	0.5218605	550.4	130.4	1369.6	949.6	28	1
31	5	1	2.462721	550.4	130.4	1369.6	949.6	83	1
32	4	1	0.4034223	550.4	130.4	1369.6	949.6	78	1
33	2	1	2.046858	550.4	130.4	1369.6	949.6	8	1
34	2	0	0.5041691	550.4	130.4	1369.6	949.6	40	1
35	4	1	1.20679	550.4	130.4	1369.6	949.6	25	1
36	4	1	0.7366356	550.4	130.4	1369.6	949.6	32	1
37	1	1	1.944087	550.4	130.4	1369.6	949.6	71	1
38	1	0	0.5579658	550.4	130.4	1369.6	949.6	41	1
39	2	1	1.763048	550.4	130.4	1369.6	949.6	5	1
40	1	0	0.9672879	550.4	130.4	1369.6	949.6	84	1
41	5	1	1.64778	550.4	130.4	1369.6	949.6	82	1
42	5	1	1.945042	550.4	130.4	1369.6	949.6	39	1
43	2	1	1.324719	550.4	130.4	1369.6	949.6	4	1
44	3	1	1.369124	550.4	130.4	1369.6	949.6	61	1
45	6	1	1.28923	550.4	130.4	1369.6	949.6	48	1
46	6	0	0.3951135	550.4	130.4	1369.6	949.6	72	1
47	3	1	1.396368	550.4	130.4	1369.6	949.6	15	1
48	4	1	0.9331106	550.4	130.4	1369.6	949.6	27	1
49	6	0	1.716199	550.4	130.4	1369.6	949.6	22	1
50	6	0	0.7274778	550.4	130.4	1369.6	949.6	67	1
51	4	1	1.333045	550.4	130.4	1369.6	949.6	29	1
52	6	0	1.319619	550.4	130.4	1369.6	949.6	24	1
53	5	1	1.506936	550.4	130.4	1369.6	949.6	86	1
54	6	0	2.448565	550.4	130.4	1369.6	949.6	69	1
55	5	1	1.269088	550.4	130.4	1369.6	949.6	81	1
56	6	1	1.02388	550.4	130.4	1369.6	949.6	46	1
57	4	0	0.5330316	550.4	130.4	1369.6	949.6	42	1
58	5	1	0.3098157	550.4	130.4	1369.6	949.6	33	1
59	5	1	4.070806	550.4	130.4	1369.6	949.6	35	1
60	3	1	0.5934802	550.4	130.4	1369.6	949.6	64	1
61	6	1	0.6977849	550.4	130.4	1369.6	949.6	91	1
62	4	0	1.041698	550.4	130.4	1369.6	949.6	45	1
63	4	1	0.201856	550.4	130.4	1369.6	949.6	74	1
64	4	0	0.0002640366	550.4	130.4	1369.6	949.6	92	1
65	1	1	0.9288589	550.4	130.4	1369.6	949.6	68	1
66	2	1	0.6992254	550.4	130.4	1369.6	949.6	3	1
67	2	1	2.092252	550.4	130.4	1369.6	949.6	2	1
68	5	0	1.617064	550.4	130.4	1369.6	949.6	21	1
69	3	0	0.9238544	550.4	130.4	1369.6	949.6	87	1
70	2	1	0.7521498	550.4	130.4	1369.6	949.6	49	1
71	1	1	0.8832072	550.4	130.4	1369.6	949.6	20	1
72	6	0	1.064608	550.4	130.4	1369.6	949.6	70	1
73	3	1	1.144002	550.4	130.4	1369.6	949.6	16	1
74	2	1	1.082705	550.4	130.4	1369.6	949.6	52	1
75	2	1	2.226181	550.4	130.4	1369.6	949.6	56	1
76	3	0	1.697911	550.4	130.4	1369.6	949.6	55	1
77	3	1	0.9483668	550.4	130.4	1369.6	949.6	12	1
78	2	1	1.099732	550.4	130.4	1369.6	949.6	6	1
79	4	1	0.8939436	550.4	130.4	1369.6	949.6	73	1
80	5	1	0.7714623	550.4	130.4	1369.6	949.6	88	1
81	1	1	0.9893611	550.4	130.4	1369.6	949.6	18	1
82	1	0	1.267248	550.4	130.4	1369.6	949.6	43	1
83	4	1	0.4534572	550.4	130.4	1369.6	949.6	31	1
84	3	1	0.8985236	550.4	130.4	1369.6	949.6	63	1
85	3	0	2.044757	550.4	130.4	1369.6	949.6	50	1
86	4	0	1.175989	550.4	130.4	1369.6	949.6	95	1
87	6	0	4.359869	550.4	130.4	1369.6	949.6	58	1
88	4	1	0.4129505	550.4	130.4	1369.6	949.6	30	1
89	3	1	1.633431	550.4	130.4	1369.6	949.6	14	1
90	4	1	0.4415546	550.4	130.4	1369.6	949.6	80	1
91	3	1	0.873929	550.4	130.4	1369.6	949.6	59	1
92	4	1	1.401456	550.4	130.4	1369.6	949.6	75	1
93	4	0	1.382293	550.4	130.4	1369.6	949.6	93	1
94	1	1	1.234781	550.4	130.4	1369.6	949.6	66	1
95	1	1	0.987503	550.4	130.4	1369.6	949.6	19	1
96	2	0	1.209917	550.4	130.4	1369.6	949.6	57	1
1	2	1	1.618403	550.4	130.4	1369.6	949.6	6	3
2	1	1	3.506312	550.4	130.4	1369.6	949.6	70	3
3	5	1	0.6151526	550.4	130.4	1369.6	949.6	82	3
4	6	1	0.3079325	550.4	130.4	1369.6	949.6	46	3
5	4	1	0.2208009	550.4	130.4	1369.6	949.6	25	3
6	4	1	0.01179301	550.4	130.4	1369.6	949.6	32	3
7	3	1	0.07801209	550.4	130.4	1369.6	949.6	63	3
8	6	0	0.2584517	550.4	130.4	1369.6	949.6	69	3
9	3	0	0.114834	550.4	130.4	1369.6	949.6	50	3
10	4	1	0.9491333	550.4	130.4	1369.6	949.6	27	3
11	1	1	1.213418	550.4	130.4	1369.6	949.6	72	3
12	4	1	0.5870458	550.4	130.4	1369.6	949.6	78	3
13	3	0	1.859689	550.4	130.4	1369.6	949.6	4	3
14	3	1	0.9445136	550.4	130.4	1369.6	949.6	62	3
15	2	0	1.331746	550.4	130.4	1369.6	949.6	16	3
16	2	1	0.4151258	550.4	130.4	1369.6	949.6	2	3
17	4	1	0.3383835	550.4	130.4	1369.6	949.6	31	3
18	4	0	0.872634	550.4	130.4	1369.6	949.6	90	3
19	1	1	1.309839	550.4	130.4	1369.6	949.6	23	3
20	6	0	0.07430765	550.4	130.4	1369.6	949.6	71	3
21	6	1	0.6103323	550.4	130.4	1369.6	949.6	41	3
22	3	0	0.727621	550.4	130.4	1369.6	949.6	7	3
23	5	0	0.5992703	550.4	130.4	1369.6	949.6	53	3
24	2	1	1.734453	550.4	130.4	1369.6	949.6	52	3
25	6	1	1.938584	550.4	130.4	1369.6	949.6	45	3
26	2	1	1.940736	550.4	130.4	1369.6	949.6	54	3
27	2	1	2.724251	550.4	130.4	1369.6	949.6	1	3
28	5	1	0.8926164	550.4	130.4	1369.6	949.6	88	3
29	3	1	0.98914	550.4	130.4	1369.6	949.6	14	3
30	4	1	0.1769862	550.4	130.4	1369.6	949.6	79	3
31	6	0	1.590255	550.4	130.4	1369.6	949.6	19	3
32	NaN	NaN	8.104238	550.4	130.4	1369.6	949.6	39	3
33	NaN	NaN	14.71066	550.4	130.4	1369.6	949.6	83	3
34	6	1	1.542466	550.4	130.4	1369.6	949.6	92	3
35	4	0	1.246033	550.4	130.4	1369.6	949.6	37	3
36	4	0	0.3466157	550.4	130.4	1369.6	949.6	42	3
37	4	1	2.01207	550.4	130.4	1369.6	949.6	75	3
38	2	1	0.7645563	550.4	130.4	1369.6	949.6	5	3
39	2	0	0.0002635701	550.4	130.4	1369.6	949.6	38	3
40	2	1	0.05480299	550.4	130.4	1369.6	949.6	8	3
41	1	1	1.400139	550.4	130.4	1369.6	949.6	20	3
42	6	1	1.195537	550.4	130.4	1369.6	949.6	94	3
43	4	1	1.033045	550.4	130.4	1369.6	949.6	29	3
44	4	1	0.04769546	550.4	130.4	1369.6	949.6	73	3
45	4	1	1.69189	550.4	130.4	1369.6	949.6	80	3
46	1	1	0.7634768	550.4	130.4	1369.6	949.6	18	3
47	6	1	2.059202	550.4	130.4	1369.6	949.6	44	3
48	5	1	1.004036	550.4	130.4	1369.6	949.6	40	3
49	3	1	0.2617111	550.4	130.4	1369.6	949.6	9	3
50	6	1	0.7875592	550.4	130.4	1369.6	949.6	96	3
51	2	0	1.457669	550.4	130.4	1369.6	949.6	34	3
52	1	1	2.430657	550.4	130.4	1369.6	949.6	65	3
53	3	1	0.7012183	550.4	130.4	1369.6	949.6	11	3
54	6	0	2.014916	550.4	130.4	1369.6	949.6	35	3
55	4	0	1.487474	550.4	130.4	1369.6	949.6	43	3
56	3	1	0.9798852	550.4	130.4	1369.6	949.6	59	3
57	6	0	3.516659	550.4	130.4	1369.6	949.6	67	3
58	3	1	2.995466	550.4	130.4	1369.6	949.6	13	3
59	1	1	1.052914	550.4	130.4	1369.6	949.6	24	3
60	2	1	0.6075068	550.4	130.4	1369.6	949.6	51	3
61	4	0	0.5978643	550.4	130.4	1369.6	949.6	95	3
62	6	1	1.233767	550.4	130.4	1369.6	949.6	89	3
63	3	1	0.7410925	550.4	130.4	1369.6	949.6	58	3
64	1	1	0.7632207	550.4	130.4	1369.6	949.6	66	3
65	5	0	1.112793	550.4	130.4	1369.6	949.6	12	3
66	3	1	0.4691007	550.4	130.4	1369.6	949.6	15	3
67	5	1	0.9808252	550.4	130.4	1369.6	949.6	33	3
68	2	1	0.7474392	550.4	130.4	1369.6	949.6	3	3
69	6	1	1.548637	550.4	130.4	1369.6	949.6	93	3
70	3	0	1.776047	550.4	130.4	1369.6	949.6	55	3
71	5	1	0.3239422	550.4	130.4	1369.6	949.6	86	3
72	4	1	0.8865963	550.4	130.4	1369.6	949.6	30	3
73	3	1	1.59562	550.4	130.4	1369.6	949.6	60	3
74	1	0	1.274751	550.4	130.4	1369.6	949.6	84	3
75	6	0	1.094471	550.4	130.4	1369.6	949.6	21	3
76	5	1	4.693661	550.4	130.4	1369.6	949.6	81	3
77	6	1	0.6624628	550.4	130.4	1369.6	949.6	91	3
78	2	0	5.940373	550.4	130.4	1369.6	949.6	87	3
79	3	1	0.8912734	550.4	130.4	1369.6	949.6	61	3
80	6	0	0.8426108	550.4	130.4	1369.6	949.6	22	3
81	NaN	NaN	10.22444	550.4	130.4	1369.6	949.6	64	3
82	1	1	2.058823	550.4	130.4	1369.6	949.6	68	3
83	1	0	0.5673345	550.4	130.4	1369.6	949.6	36	3
84	4	1	0.3698262	550.4	130.4	1369.6	949.6	28	3
85	4	0	0.2331168	550.4	130.4	1369.6	949.6	47	3
86	4	1	0.1649357	550.4	130.4	1369.6	949.6	76	3
87	6	1	1.132233	550.4	130.4	1369.6	949.6	48	3
88	4	1	0.52172	550.4	130.4	1369.6	949.6	26	3
89	5	1	1.109017	550.4	130.4	1369.6	949.6	85	3
90	6	0	1.108251	550.4	130.4	1369.6	949.6	17	3
91	4	1	0.3972809	550.4	130.4	1369.6	949.6	74	3
92	2	1	0.3505422	550.4	130.4	1369.6	949.6	49	3
93	4	1	0.5291448	550.4	130.4	1369.6	949.6	77	3
94	2	1	1.91039	550.4	130.4	1369.6	949.6	56	3
95	2	0	0.3981906	550.4	130.4	1369.6	949.6	57	3
96	3	1	0.7923301	550.4	130.4	1369.6	949.6	10	3
