1	4	1	10.49397	550.4	130.4	1369.6	949.6	32	1
2	1	0	5.57473	550.4	130.4	1369.6	949.6	40	1
3	6	0	11.05689	550.4	130.4	1369.6	949.6	22	1
4	5	1	5.974408	550.4	130.4	1369.6	949.6	34	1
5	4	0	5.689813	550.4	130.4	1369.6	949.6	92	1
6	6	1	9.454695	550.4	130.4	1369.6	949.6	91	1
7	1	0	9.099527	550.4	130.4	1369.6	949.6	35	1
8	5	0	1.647814	550.4	130.4	1369.6	949.6	6	1
9	2	1	7.564983	550.4	130.4	1369.6	949.6	55	1
10	2	1	3.704155	550.4	130.4	1369.6	949.6	3	1
11	6	1	5.959874	550.4	130.4	1369.6	949.6	96	1
12	1	1	3.498928	550.4	130.4	1369.6	949.6	68	1
13	3	1	4.453148	550.4	130.4	1369.6	949.6	16	1
14	6	0	4.254994	550.4	130.4	1369.6	949.6	69	1
15	3	1	2.329547	550.4	130.4	1369.6	949.6	11	1
16	1	0	2.493388	550.4	130.4	1369.6	949.6	54	1
17	4	1	1.40711	550.4	130.4	1369.6	949.6	30	1
18	6	1	2.305716	550.4	130.4	1369.6	949.6	45	1
19	6	0	5.77177	550.4	130.4	1369.6	949.6	77	1
20	3	1	3.046258	550.4	130.4	1369.6	949.6	60	1
21	4	1	4.833444	550.4	130.4	1369.6	949.6	74	1
22	4	1	5.485862	550.4	130.4	1369.6	949.6	78	1
23	6	0	4.300992	550.4	130.4	1369.6	949.6	72	1
24	3	1	1.467821	550.4	130.4	1369.6	949.6	62	1
25	6	0	1.98078	550.4	130.4	1369.6	949.6	70	1
26	2	1	1.169952	550.4	130.4	1369.6	949.6	51	1
27	1	0	1.805933	550.4	130.4	1369.6	949.6	33	1
28	3	0	2.908856	550.4	130.4	1369.6	949.6	7	1
29	5	1	1.212605	550.4	130.4	1369.6	949.6	86	1
30	5	1	0.9041804	550.4	130.4	1369.6	949.6	38	1
31	5	0	0.9448513	550.4	130.4	1369.6	949.6	58	1
32	4	1	1.158013	550.4	130.4	1369.6	949.6	76	1
33	5	1	1.069181	550.4	130.4	1369.6	949.6	81	1
34	6	1	1.484109	550.4	130.4	1369.6	949.6	89	1
35	6	1	3.457718	550.4	130.4	1369.6	949.6	42	1
36	4	1	5.107705	550.4	130.4	1369.6	949.6	28	1
37	NaN	NaN	3.575277	550.4	130.4	1369.6	949.6	17	1
38	6	1	2.541446	550.4	130.4	1369.6	949.6	41	1
39	1	0	7.12531	550.4	130.4	1369.6	949.6	47	1
40	4	1	2.30868	550.4	130.4	1369.6	949.6	80	1
41	3	1	1.270001	550.4	130.4	1369.6	949.6	14	1
42	6	1	1.612655	550.4	130.4	1369.6	949.6	46	1
43	2	1	6.804506	550.4	130.4	1369.6	949.6	56	1
44	3	1	8.910307	550.4	130.4	1369.6	949.6	63	1
45	6	1	2.50587	550.4	130.4	1369.6	949.6	93	1
46	2	1	2.019303	550.4	130.4	1369.6	949.6	8	1
47	6	0	2.505818	550.4	130.4	1369.6	949.6	67	1
48	1	0	2.444989	550.4	130.4	1369.6	949.6	84	1
49	6	1	1.429457	550.4	130.4	1369.6	949.6	90	1
50	5	1	1.296498	550.4	130.4	1369.6	949.6	83	1
51	3	1	1.196436	550.4	130.4	1369.6	949.6	59	1
52	6	0	1.279537	550.4	130.4	1369.6	949.6	79	1
53	5	0	4.026665	550.4	130.4	1369.6	949.6	5	1
54	6	1	1.204055	550.4	130.4	1369.6	949.6	48	1
55	3	0	2.192439	550.4	130.4	1369.6	949.6	53	1
56	4	1	5.60177	550.4	130.4	1369.6	949.6	29	1
57	6	0	1.898025	550.4	130.4	1369.6	949.6	21	1
58	4	1	1.591561	550.4	130.4	1369.6	949.6	25	1
59	3	0	8.187529	550.4	130.4	1369.6	949.6	52	1
60	NaN	NaN	7.800334	550.4	130.4	1369.6	949.6	37	1
61	3	1	0.9533127	550.4	130.4	1369.6	949.6	64	1
62	6	0	2.212773	550.4	130.4	1369.6	949.6	31	1
63	2	1	10.74374	550.4	130.4	1369.6	949.6	49	1
64	4	1	1.735571	550.4	130.4	1369.6	949.6	27	1
65	3	1	1.279693	550.4	130.4	1369.6	949.6	61	1
66	5	1	4.282643	550.4	130.4	1369.6	949.6	88	1
67	2	1	1.16744	550.4	130.4	1369.6	949.6	50	1
68	3	0	1.162712	550.4	130.4	1369.6	949.6	87	1
69	4	1	1.529429	550.4	130.4	1369.6	949.6	26	1
70	6	1	5.862752	550.4	130.4	1369.6	949.6	43	1
71	6	1	1.723487	550.4	130.4	1369.6	949.6	94	1
72	3	0	1.45195	550.4	130.4	1369.6	949.6	19	1
73	6	1	1.242399	550.4	130.4	1369.6	949.6	44	1
74	3	1	0.8284955	550.4	130.4	1369.6	949.6	15	1
75	6	0	1.341435	550.4	130.4	1369.6	949.6	73	1
76	2	1	1.753566	550.4	130.4	1369.6	949.6	1	1
77	1	0	4.883569	550.4	130.4	1369.6	949.6	36	1
78	5	1	2.311308	550.4	130.4	1369.6	949.6	82	1
79	3	0	6.745645	550.4	130.4	1369.6	949.6	71	1
80	6	0	7.910872	550.4	130.4	1369.6	949.6	23	1
81	NaN	NaN	2.785385	550.4	130.4	1369.6	949.6	65	1
82	2	1	2.373242	550.4	130.4	1369.6	949.6	2	1
83	NaN	NaN	2.934363	550.4	130.4	1369.6	949.6	4	1
84	1	1	1.402575	550.4	130.4	1369.6	949.6	18	1
85	3	0	1.52026	550.4	130.4	1369.6	949.6	85	1
86	4	1	1.057327	550.4	130.4	1369.6	949.6	75	1
87	3	0	1.962323	550.4	130.4	1369.6	949.6	24	1
88	6	1	1.947142	550.4	130.4	1369.6	949.6	95	1
89	3	0	1.420105	550.4	130.4	1369.6	949.6	39	1
90	3	1	1.496298	550.4	130.4	1369.6	949.6	13	1
91	2	0	3.066394	550.4	130.4	1369.6	949.6	9	1
92	1	1	2.243418	550.4	130.4	1369.6	949.6	66	1
93	1	1	1.476906	550.4	130.4	1369.6	949.6	20	1
94	2	0	1.628402	550.4	130.4	1369.6	949.6	57	1
95	6	0	1.930349	550.4	130.4	1369.6	949.6	10	1
96	6	0	1.547419	550.4	130.4	1369.6	949.6	12	1
1	3	1	1.089185	550.4	130.4	1369.6	949.6	59	3
2	2	1	0.7494825	550.4	130.4	1369.6	949.6	1	3
3	6	0	1.174091	550.4	130.4	1369.6	949.6	79	3
4	3	1	1.013146	550.4	130.4	1369.6	949.6	12	3
5	4	1	0.9927865	550.4	130.4	1369.6	949.6	78	3
6	6	0	0.8733453	550.4	130.4	1369.6	949.6	23	3
7	6	1	1.682248	550.4	130.4	1369.6	949.6	43	3
8	4	1	6.319907	550.4	130.4	1369.6	949.6	77	3
9	1	1	1.561364	550.4	130.4	1369.6	949.6	18	3
10	3	1	0.6302545	550.4	130.4	1369.6	949.6	13	3
11	3	0	2.649562	550.4	130.4	1369.6	949.6	96	3
12	1	0	3.583871	550.4	130.4	1369.6	949.6	87	3
13	3	1	0.7051562	550.4	130.4	1369.6	949.6	14	3
14	6	1	1.361862	550.4	130.4	1369.6	949.6	46	3
15	1	0	2.123001	550.4	130.4	1369.6	949.6	36	3
16	NaN	NaN	1.113351	550.4	130.4	1369.6	949.6	64	3
17	5	0	1.001339	550.4	130.4	1369.6	949.6	54	3
18	6	0	0.958078	550.4	130.4	1369.6	949.6	74	3
19	4	1	0.749678	550.4	130.4	1369.6	949.6	26	3
20	4	1	4.000221	550.4	130.4	1369.6	949.6	76	3
21	4	1	1.29443	550.4	130.4	1369.6	949.6	29	3
22	3	1	0.9601707	550.4	130.4	1369.6	949.6	11	3
23	6	0	1.306122	550.4	130.4	1369.6	949.6	70	3
24	5	1	1.553577	550.4	130.4	1369.6	949.6	86	3
25	NaN	NaN	1.240446	550.4	130.4	1369.6	949.6	72	3
26	5	1	1.996337	550.4	130.4	1369.6	949.6	81	3
27	6	1	0.6604911	550.4	130.4	1369.6	949.6	93	3
28	4	1	5.126973	550.4	130.4	1369.6	949.6	25	3
29	5	0	3.213203	550.4	130.4	1369.6	949.6	61	3
30	6	0	2.061655	550.4	130.4	1369.6	949.6	71	3
31	3	1	6.126262	550.4	130.4	1369.6	949.6	9	3
32	6	1	3.587774	550.4	130.4	1369.6	949.6	45	3
33	6	1	1.518169	550.4	130.4	1369.6	949.6	47	3
34	5	1	0.8156173	550.4	130.4	1369.6	949.6	35	3
35	6	1	0.8733933	550.4	130.4	1369.6	949.6	42	3
36	3	1	0.8745381	550.4	130.4	1369.6	949.6	58	3
37	6	0	0.8644519	550.4	130.4	1369.6	949.6	69	3
38	NaN	NaN	3.154574	550.4	130.4	1369.6	949.6	37	3
39	3	0	1.488363	550.4	130.4	1369.6	949.6	24	3
40	6	0	4.731942	550.4	130.4	1369.6	949.6	22	3
41	2	1	1.092235	550.4	130.4	1369.6	949.6	2	3
42	4	1	2.988519	550.4	130.4	1369.6	949.6	30	3
43	5	1	0.6576795	550.4	130.4	1369.6	949.6	33	3
44	4	1	2.202591	550.4	130.4	1369.6	949.6	27	3
45	6	1	2.775536	550.4	130.4	1369.6	949.6	94	3
46	1	0	2.294163	550.4	130.4	1369.6	949.6	84	3
47	1	0	1.158457	550.4	130.4	1369.6	949.6	39	3
48	6	0	1.202123	550.4	130.4	1369.6	949.6	21	3
49	6	0	3.11246	550.4	130.4	1369.6	949.6	17	3
50	5	0	2.485462	550.4	130.4	1369.6	949.6	55	3
51	4	1	1.386957	550.4	130.4	1369.6	949.6	32	3
52	NaN	NaN	2.114449	550.4	130.4	1369.6	949.6	62	3
53	3	1	0.6426536	550.4	130.4	1369.6	949.6	63	3
54	NaN	NaN	2.047536	550.4	130.4	1369.6	949.6	65	3
55	6	1	0.8846579	550.4	130.4	1369.6	949.6	92	3
56	3	0	1.507121	550.4	130.4	1369.6	949.6	4	3
57	NaN	NaN	1.13408	550.4	130.4	1369.6	949.6	50	3
58	2	0	1.439688	550.4	130.4	1369.6	949.6	57	3
59	1	1	2.721455	550.4	130.4	1369.6	949.6	19	3
60	5	0	3.133864	550.4	130.4	1369.6	949.6	60	3
61	6	1	1.017711	550.4	130.4	1369.6	949.6	90	3
62	2	0	3.081884	550.4	130.4	1369.6	949.6	82	3
63	5	0	1.55809	550.4	130.4	1369.6	949.6	52	3
64	2	1	0.6657542	550.4	130.4	1369.6	949.6	49	3
65	4	0	2.510712	550.4	130.4	1369.6	949.6	67	3
66	5	0	1.560934	550.4	130.4	1369.6	949.6	5	3
67	1	0	1.529619	550.4	130.4	1369.6	949.6	56	3
68	4	1	1.896016	550.4	130.4	1369.6	949.6	75	3
69	5	1	0.9153242	550.4	130.4	1369.6	949.6	85	3
70	6	1	0.5995471	550.4	130.4	1369.6	949.6	91	3
71	3	0	1.453987	550.4	130.4	1369.6	949.6	34	3
72	6	1	0.8301936	550.4	130.4	1369.6	949.6	89	3
73	1	1	1.00004	550.4	130.4	1369.6	949.6	20	3
74	3	0	0.9831225	550.4	130.4	1369.6	949.6	53	3
75	6	1	0.5832957	550.4	130.4	1369.6	949.6	41	3
76	2	1	1.819037	550.4	130.4	1369.6	949.6	3	3
77	5	1	0.7587304	550.4	130.4	1369.6	949.6	38	3
78	4	1	1.922824	550.4	130.4	1369.6	949.6	28	3
79	NaN	NaN	1.642585	550.4	130.4	1369.6	949.6	44	3
80	6	0	1.238541	550.4	130.4	1369.6	949.6	31	3
81	1	1	3.778872	550.4	130.4	1369.6	949.6	68	3
82	4	1	4.317243	550.4	130.4	1369.6	949.6	73	3
83	2	1	1.545046	550.4	130.4	1369.6	949.6	51	3
84	2	1	2.561763	550.4	130.4	1369.6	949.6	6	3
85	3	0	1.185536	550.4	130.4	1369.6	949.6	48	3
86	6	1	0.6836239	550.4	130.4	1369.6	949.6	95	3
87	3	0	0.5740156	550.4	130.4	1369.6	949.6	83	3
88	5	1	0.718652	550.4	130.4	1369.6	949.6	88	3
89	5	0	1.449246	550.4	130.4	1369.6	949.6	8	3
90	5	1	0.5001523	550.4	130.4	1369.6	949.6	40	3
91	5	0	0.2781273	550.4	130.4	1369.6	949.6	16	3
92	5	0	0.2496125	550.4	130.4	1369.6	949.6	10	3
93	6	0	1.093395	550.4	130.4	1369.6	949.6	66	3
94	6	0	0.9453365	550.4	130.4	1369.6	949.6	7	3
95	3	1	0.6374684	550.4	130.4	1369.6	949.6	15	3
96	6	0	1.016112	550.4	130.4	1369.6	949.6	80	3
1	NaN	NaN	2.767024	550.4	130.4	1369.6	949.6	43	2
2	NaN	NaN	2.455832	550.4	130.4	1369.6	949.6	45	2
3	4	1	2.054872	550.4	130.4	1369.6	949.6	75	2
4	4	1	1.355071	550.4	130.4	1369.6	949.6	27	2
5	4	1	1.258887	550.4	130.4	1369.6	949.6	32	2
6	5	0	1.268773	550.4	130.4	1369.6	949.6	61	2
7	5	1	1.17923	550.4	130.4	1369.6	949.6	84	2
8	4	1	1.267193	550.4	130.4	1369.6	949.6	28	2
9	5	1	0.8029868	550.4	130.4	1369.6	949.6	88	2
10	5	1	0.8005773	550.4	130.4	1369.6	949.6	39	2
11	5	0	0.6955771	550.4	130.4	1369.6	949.6	19	2
12	NaN	NaN	0.8211994	550.4	130.4	1369.6	949.6	85	2
13	5	0	1.04021	550.4	130.4	1369.6	949.6	4	2
14	6	1	1.12545	550.4	130.4	1369.6	949.6	93	2
15	5	1	1.492127	550.4	130.4	1369.6	949.6	35	2
16	5	1	1.154771	550.4	130.4	1369.6	949.6	83	2
17	2	1	0.6629361	550.4	130.4	1369.6	949.6	5	2
18	5	0	1.701013	550.4	130.4	1369.6	949.6	65	2
19	NaN	NaN	11.44308	550.4	130.4	1369.6	949.6	70	2
20	6	1	1.143312	550.4	130.4	1369.6	949.6	46	2
21	5	1	1.001304	550.4	130.4	1369.6	949.6	33	2
22	6	1	1.229517	550.4	130.4	1369.6	949.6	91	2
23	5	0	0.9266718	550.4	130.4	1369.6	949.6	56	2
24	6	0	0.8300713	550.4	130.4	1369.6	949.6	14	2
25	1	1	3.20647	550.4	130.4	1369.6	949.6	18	2
26	NaN	NaN	2.156738	550.4	130.4	1369.6	949.6	76	2
27	5	0	2.577016	550.4	130.4	1369.6	949.6	44	2
28	5	0	0.6819189	550.4	130.4	1369.6	949.6	62	2
29	3	0	0.8561921	550.4	130.4	1369.6	949.6	38	2
30	3	0	0.9614914	550.4	130.4	1369.6	949.6	72	2
31	6	0	1.065867	550.4	130.4	1369.6	949.6	79	2
32	5	0	1.154989	550.4	130.4	1369.6	949.6	67	2
33	4	1	2.248346	550.4	130.4	1369.6	949.6	74	2
34	NaN	NaN	0.522339	550.4	130.4	1369.6	949.6	22	2
35	NaN	NaN	1.473738	550.4	130.4	1369.6	949.6	20	2
36	5	0	1.032199	550.4	130.4	1369.6	949.6	60	2
37	5	1	0.5436404	550.4	130.4	1369.6	949.6	40	2
38	6	0	0.5895594	550.4	130.4	1369.6	949.6	24	2
39	5	0	0.7938565	550.4	130.4	1369.6	949.6	94	2
40	2	0	0.7506959	550.4	130.4	1369.6	949.6	57	2
41	5	0	0.8683537	550.4	130.4	1369.6	949.6	58	2
42	6	1	1.624348	550.4	130.4	1369.6	949.6	95	2
43	NaN	NaN	2.896817	550.4	130.4	1369.6	949.6	53	2
44	6	0	1.709269	550.4	130.4	1369.6	949.6	31	2
45	4	1	2.731554	550.4	130.4	1369.6	949.6	30	2
46	2	1	0.8255841	550.4	130.4	1369.6	949.6	3	2
47	NaN	NaN	2.028378	550.4	130.4	1369.6	949.6	87	2
48	1	1	1.734092	550.4	130.4	1369.6	949.6	66	2
49	2	0	1.923542	550.4	130.4	1369.6	949.6	82	2
50	6	0	2.845091	550.4	130.4	1369.6	949.6	71	2
51	6	0	0.8163987	550.4	130.4	1369.6	949.6	37	2
52	4	1	1.085017	550.4	130.4	1369.6	949.6	80	2
53	NaN	NaN	1.177075	550.4	130.4	1369.6	949.6	55	2
54	6	0	0.5777532	550.4	130.4	1369.6	949.6	23	2
55	3	1	1.08736	550.4	130.4	1369.6	949.6	64	2
56	5	0	1.372848	550.4	130.4	1369.6	949.6	2	2
57	5	0	1.510208	550.4	130.4	1369.6	949.6	13	2
58	5	0	0.5988978	550.4	130.4	1369.6	949.6	17	2
59	4	1	1.019812	550.4	130.4	1369.6	949.6	29	2
60	NaN	NaN	2.204372	550.4	130.4	1369.6	949.6	59	2
61	5	1	1.116885	550.4	130.4	1369.6	949.6	34	2
62	4	1	1.315433	550.4	130.4	1369.6	949.6	25	2
63	4	0	1.008829	550.4	130.4	1369.6	949.6	90	2
64	5	0	0.8856459	550.4	130.4	1369.6	949.6	8	2
65	5	0	1.153869	550.4	130.4	1369.6	949.6	52	2
66	4	1	1.483147	550.4	130.4	1369.6	949.6	78	2
67	NaN	NaN	1.778943	550.4	130.4	1369.6	949.6	69	2
68	1	1	2.37525	550.4	130.4	1369.6	949.6	68	2
69	2	1	2.525131	550.4	130.4	1369.6	949.6	1	2
70	2	0	1.170547	550.4	130.4	1369.6	949.6	41	2
71	3	1	0.8157918	550.4	130.4	1369.6	949.6	16	2
72	6	0	1.648958	550.4	130.4	1369.6	949.6	6	2
73	2	1	2.0386	550.4	130.4	1369.6	949.6	7	2
74	3	0	1.657939	550.4	130.4	1369.6	949.6	48	2
75	1	0	1.901553	550.4	130.4	1369.6	949.6	36	2
76	3	1	2.822515	550.4	130.4	1369.6	949.6	10	2
77	3	0	1.244821	550.4	130.4	1369.6	949.6	54	2
78	3	0	1.159759	550.4	130.4	1369.6	949.6	49	2
79	3	0	0.7929613	550.4	130.4	1369.6	949.6	50	2
80	6	1	2.405131	550.4	130.4	1369.6	949.6	92	2
81	4	1	1.112556	550.4	130.4	1369.6	949.6	77	2
82	2	0	2.049428	550.4	130.4	1369.6	949.6	11	2
83	6	1	1.638149	550.4	130.4	1369.6	949.6	96	2
84	NaN	NaN	1.13985	550.4	130.4	1369.6	949.6	89	2
85	NaN	NaN	1.569477	550.4	130.4	1369.6	949.6	81	2
86	2	1	0.6751411	550.4	130.4	1369.6	949.6	51	2
87	2	0	1.387258	550.4	130.4	1369.6	949.6	21	2
88	3	1	0.8296795	550.4	130.4	1369.6	949.6	15	2
89	3	1	0.5206032	550.4	130.4	1369.6	949.6	9	2
90	5	0	1.004902	550.4	130.4	1369.6	949.6	12	2
91	4	1	0.964588	550.4	130.4	1369.6	949.6	26	2
92	4	0	1.251981	550.4	130.4	1369.6	949.6	47	2
93	5	1	0.4759083	550.4	130.4	1369.6	949.6	86	2
94	4	0	1.627145	550.4	130.4	1369.6	949.6	42	2
95	3	1	0.8043	550.4	130.4	1369.6	949.6	63	2
96	4	1	0.6801546	550.4	130.4	1369.6	949.6	73	2
