1	4	1	5.521076	340.5176	70.51765	1099.482	829.4824	32	1
2	5	1	2.13627	340.5176	70.51765	1099.482	829.4824	40	1
3	6	0	2.531343	340.5176	70.51765	1099.482	829.4824	22	1
4	5	1	11.93189	340.5176	70.51765	1099.482	829.4824	34	1
5	6	1	3.908104	340.5176	70.51765	1099.482	829.4824	92	1
6	6	1	0.6800601	340.5176	70.51765	1099.482	829.4824	91	1
7	1	0	3.1233	340.5176	70.51765	1099.482	829.4824	35	1
8	2	1	2.28585	340.5176	70.51765	1099.482	829.4824	6	1
9	3	0	2.415776	340.5176	70.51765	1099.482	829.4824	55	1
10	2	1	0.8422042	340.5176	70.51765	1099.482	829.4824	3	1
11	6	1	0.8939976	340.5176	70.51765	1099.482	829.4824	96	1
12	1	1	3.776602	340.5176	70.51765	1099.482	829.4824	68	1
13	3	1	2.417902	340.5176	70.51765	1099.482	829.4824	16	1
14	6	0	2.046981	340.5176	70.51765	1099.482	829.4824	69	1
15	2	0	1.747428	340.5176	70.51765	1099.482	829.4824	11	1
16	2	1	4.022522	340.5176	70.51765	1099.482	829.4824	54	1
17	4	1	1.608455	340.5176	70.51765	1099.482	829.4824	30	1
18	4	0	1.710945	340.5176	70.51765	1099.482	829.4824	45	1
19	4	1	0.9091957	340.5176	70.51765	1099.482	829.4824	77	1
20	5	0	1.256343	340.5176	70.51765	1099.482	829.4824	60	1
21	4	1	0.8274873	340.5176	70.51765	1099.482	829.4824	74	1
22	4	1	0.6626936	340.5176	70.51765	1099.482	829.4824	78	1
23	6	0	0.9901919	340.5176	70.51765	1099.482	829.4824	72	1
24	3	1	1.85438	340.5176	70.51765	1099.482	829.4824	62	1
25	1	1	1.434135	340.5176	70.51765	1099.482	829.4824	70	1
26	2	1	0.4905731	340.5176	70.51765	1099.482	829.4824	51	1
27	5	1	0.7898343	340.5176	70.51765	1099.482	829.4824	33	1
28	NaN	NaN	4.321062	340.5176	70.51765	1099.482	829.4824	7	1
29	5	1	0.7759561	340.5176	70.51765	1099.482	829.4824	86	1
30	5	1	0.4220557	340.5176	70.51765	1099.482	829.4824	38	1
31	5	0	0.7407618	340.5176	70.51765	1099.482	829.4824	58	1
32	4	1	0.8789953	340.5176	70.51765	1099.482	829.4824	76	1
33	5	1	1.013845	340.5176	70.51765	1099.482	829.4824	81	1
34	6	1	0.7916292	340.5176	70.51765	1099.482	829.4824	89	1
35	6	1	2.390701	340.5176	70.51765	1099.482	829.4824	42	1
36	4	1	1.12517	340.5176	70.51765	1099.482	829.4824	28	1
37	6	0	3.563115	340.5176	70.51765	1099.482	829.4824	17	1
38	6	1	1.377896	340.5176	70.51765	1099.482	829.4824	41	1
39	6	1	0.7600329	340.5176	70.51765	1099.482	829.4824	47	1
40	4	1	1.661995	340.5176	70.51765	1099.482	829.4824	80	1
41	1	0	1.593831	340.5176	70.51765	1099.482	829.4824	14	1
42	6	1	1.034772	340.5176	70.51765	1099.482	829.4824	46	1
43	5	0	0.9394755	340.5176	70.51765	1099.482	829.4824	56	1
44	3	1	0.8587754	340.5176	70.51765	1099.482	829.4824	63	1
45	6	1	1.343784	340.5176	70.51765	1099.482	829.4824	93	1
46	5	0	0.818679	340.5176	70.51765	1099.482	829.4824	8	1
47	6	0	1.275438	340.5176	70.51765	1099.482	829.4824	67	1
48	NaN	NaN	5.074869	340.5176	70.51765	1099.482	829.4824	84	1
49	4	0	3.060627	340.5176	70.51765	1099.482	829.4824	90	1
50	5	1	0.8898885	340.5176	70.51765	1099.482	829.4824	83	1
51	3	1	0.5946173	340.5176	70.51765	1099.482	829.4824	59	1
52	4	1	1.58116	340.5176	70.51765	1099.482	829.4824	79	1
53	5	0	3.631085	340.5176	70.51765	1099.482	829.4824	5	1
54	6	1	0.9055848	340.5176	70.51765	1099.482	829.4824	48	1
55	NaN	NaN	6.185044	340.5176	70.51765	1099.482	829.4824	53	1
56	4	1	0.5498263	340.5176	70.51765	1099.482	829.4824	29	1
57	6	0	7.67081	340.5176	70.51765	1099.482	829.4824	21	1
58	4	1	0.3870066	340.5176	70.51765	1099.482	829.4824	25	1
59	5	0	0.8123699	340.5176	70.51765	1099.482	829.4824	52	1
60	NaN	NaN	4.812031	340.5176	70.51765	1099.482	829.4824	37	1
61	3	1	2.323876	340.5176	70.51765	1099.482	829.4824	64	1
62	4	1	1.604862	340.5176	70.51765	1099.482	829.4824	31	1
63	2	1	1.263093	340.5176	70.51765	1099.482	829.4824	49	1
64	4	1	1.154377	340.5176	70.51765	1099.482	829.4824	27	1
65	3	1	1.286196	340.5176	70.51765	1099.482	829.4824	61	1
66	5	1	1.674672	340.5176	70.51765	1099.482	829.4824	88	1
67	5	0	1.3054	340.5176	70.51765	1099.482	829.4824	50	1
68	5	1	0.6696326	340.5176	70.51765	1099.482	829.4824	87	1
69	4	1	0.4376375	340.5176	70.51765	1099.482	829.4824	26	1
70	6	1	0.3346723	340.5176	70.51765	1099.482	829.4824	43	1
71	6	1	1.7372	340.5176	70.51765	1099.482	829.4824	94	1
72	6	0	0.3146603	340.5176	70.51765	1099.482	829.4824	19	1
73	6	1	0.8417696	340.5176	70.51765	1099.482	829.4824	44	1
74	3	1	0.5438051	340.5176	70.51765	1099.482	829.4824	15	1
75	4	1	1.247401	340.5176	70.51765	1099.482	829.4824	73	1
76	2	1	1.178806	340.5176	70.51765	1099.482	829.4824	1	1
77	6	0	0.8651009	340.5176	70.51765	1099.482	829.4824	36	1
78	5	1	0.3326769	340.5176	70.51765	1099.482	829.4824	82	1
79	6	0	0.6884882	340.5176	70.51765	1099.482	829.4824	71	1
80	6	0	0.5684469	340.5176	70.51765	1099.482	829.4824	23	1
81	6	0	2.8758	340.5176	70.51765	1099.482	829.4824	65	1
82	2	1	0.57479	340.5176	70.51765	1099.482	829.4824	2	1
83	5	0	1.479907	340.5176	70.51765	1099.482	829.4824	4	1
84	6	0	1.507964	340.5176	70.51765	1099.482	829.4824	18	1
85	NaN	NaN	3.078468	340.5176	70.51765	1099.482	829.4824	85	1
86	4	1	1.0447	340.5176	70.51765	1099.482	829.4824	75	1
87	6	0	0.3898165	340.5176	70.51765	1099.482	829.4824	24	1
88	6	1	0.6888367	340.5176	70.51765	1099.482	829.4824	95	1
89	3	0	0.7422218	340.5176	70.51765	1099.482	829.4824	39	1
90	3	1	1.098168	340.5176	70.51765	1099.482	829.4824	13	1
91	2	0	0.5769022	340.5176	70.51765	1099.482	829.4824	9	1
92	6	0	2.213722	340.5176	70.51765	1099.482	829.4824	66	1
93	1	1	1.063958	340.5176	70.51765	1099.482	829.4824	20	1
94	2	0	0.7697561	340.5176	70.51765	1099.482	829.4824	57	1
95	1	0	1.0968	340.5176	70.51765	1099.482	829.4824	10	1
96	5	0	0.8915499	340.5176	70.51765	1099.482	829.4824	12	1
1	6	1	2.363063	340.5176	70.51765	1099.482	829.4824	89	2
2	6	0	3.806632	340.5176	70.51765	1099.482	829.4824	65	2
3	5	0	0.7110973	340.5176	70.51765	1099.482	829.4824	58	2
4	3	0	2.57188	340.5176	70.51765	1099.482	829.4824	7	2
5	2	1	0.736622	340.5176	70.51765	1099.482	829.4824	3	2
6	6	0	0.6546714	340.5176	70.51765	1099.482	829.4824	71	2
7	5	1	0.8701905	340.5176	70.51765	1099.482	829.4824	81	2
8	1	0	4.141293	340.5176	70.51765	1099.482	829.4824	50	2
9	1	0	0.8958247	340.5176	70.51765	1099.482	829.4824	36	2
10	4	1	0.9710375	340.5176	70.51765	1099.482	829.4824	29	2
11	6	0	2.563657	340.5176	70.51765	1099.482	829.4824	55	2
12	5	1	0.6016376	340.5176	70.51765	1099.482	829.4824	35	2
13	4	0	0.5948192	340.5176	70.51765	1099.482	829.4824	90	2
14	NaN	NaN	2.601135	340.5176	70.51765	1099.482	829.4824	85	2
15	NaN	NaN	0.6611289	340.5176	70.51765	1099.482	829.4824	37	2
16	6	1	0.8480489	340.5176	70.51765	1099.482	829.4824	46	2
17	5	0	2.494007	340.5176	70.51765	1099.482	829.4824	6	2
18	4	1	0.4799279	340.5176	70.51765	1099.482	829.4824	31	2
19	5	0	3.126613	340.5176	70.51765	1099.482	829.4824	13	2
20	1	0	1.911428	340.5176	70.51765	1099.482	829.4824	84	2
21	6	1	1.213232	340.5176	70.51765	1099.482	829.4824	43	2
22	6	0	0.4770847	340.5176	70.51765	1099.482	829.4824	24	2
23	6	1	0.6197805	340.5176	70.51765	1099.482	829.4824	48	2
24	6	0	0.6553747	340.5176	70.51765	1099.482	829.4824	19	2
25	4	1	0.2928017	340.5176	70.51765	1099.482	829.4824	73	2
26	5	0	1.582133	340.5176	70.51765	1099.482	829.4824	5	2
27	5	1	0.7107642	340.5176	70.51765	1099.482	829.4824	83	2
28	2	1	2.789861	340.5176	70.51765	1099.482	829.4824	2	2
29	1	1	0.7754647	340.5176	70.51765	1099.482	829.4824	68	2
30	5	1	0.6095003	340.5176	70.51765	1099.482	829.4824	34	2
31	6	0	2.17971	340.5176	70.51765	1099.482	829.4824	22	2
32	5	1	0.7029242	340.5176	70.51765	1099.482	829.4824	88	2
33	5	0	1.12457	340.5176	70.51765	1099.482	829.4824	69	2
34	4	1	0.6684874	340.5176	70.51765	1099.482	829.4824	75	2
35	4	1	1.01157	340.5176	70.51765	1099.482	829.4824	26	2
36	4	1	0.6861185	340.5176	70.51765	1099.482	829.4824	79	2
37	4	1	0.7401279	340.5176	70.51765	1099.482	829.4824	32	2
38	4	1	0.4079075	340.5176	70.51765	1099.482	829.4824	80	2
39	2	0	0.4964678	340.5176	70.51765	1099.482	829.4824	57	2
40	1	1	2.352058	340.5176	70.51765	1099.482	829.4824	66	2
41	6	1	0.9836639	340.5176	70.51765	1099.482	829.4824	94	2
42	4	1	0.465362	340.5176	70.51765	1099.482	829.4824	27	2
43	NaN	NaN	3.130586	340.5176	70.51765	1099.482	829.4824	67	2
44	5	0	0.8578751	340.5176	70.51765	1099.482	829.4824	54	2
45	6	1	1.443119	340.5176	70.51765	1099.482	829.4824	41	2
46	6	1	0.7495833	340.5176	70.51765	1099.482	829.4824	47	2
47	4	0	1.47795	340.5176	70.51765	1099.482	829.4824	92	2
48	5	0	0.675105	340.5176	70.51765	1099.482	829.4824	12	2
49	6	0	2.590203	340.5176	70.51765	1099.482	829.4824	70	2
50	5	1	0.6175037	340.5176	70.51765	1099.482	829.4824	33	2
51	4	0	0.6585182	340.5176	70.51765	1099.482	829.4824	42	2
52	3	1	1.453064	340.5176	70.51765	1099.482	829.4824	15	2
53	5	0	0.7993377	340.5176	70.51765	1099.482	829.4824	53	2
54	2	0	0.3761264	340.5176	70.51765	1099.482	829.4824	9	2
55	6	0	0.8036381	340.5176	70.51765	1099.482	829.4824	23	2
56	5	1	0.5507384	340.5176	70.51765	1099.482	829.4824	38	2
57	5	1	0.2833233	340.5176	70.51765	1099.482	829.4824	82	2
58	6	1	2.129292	340.5176	70.51765	1099.482	829.4824	44	2
59	5	1	0.7597077	340.5176	70.51765	1099.482	829.4824	39	2
60	4	1	0.5265935	340.5176	70.51765	1099.482	829.4824	78	2
61	5	0	1.299655	340.5176	70.51765	1099.482	829.4824	52	2
62	4	1	0.4315823	340.5176	70.51765	1099.482	829.4824	74	2
63	2	0	2.210731	340.5176	70.51765	1099.482	829.4824	62	2
64	5	0	1.441713	340.5176	70.51765	1099.482	829.4824	8	2
65	2	1	4.754478	340.5176	70.51765	1099.482	829.4824	49	2
66	5	0	0.5874464	340.5176	70.51765	1099.482	829.4824	21	2
67	5	0	0.3933674	340.5176	70.51765	1099.482	829.4824	10	2
68	5	0	0.4860202	340.5176	70.51765	1099.482	829.4824	56	2
69	6	1	1.032876	340.5176	70.51765	1099.482	829.4824	93	2
70	5	1	0.8918997	340.5176	70.51765	1099.482	829.4824	86	2
71	5	0	0.7155838	340.5176	70.51765	1099.482	829.4824	16	2
72	2	0	0.5029091	340.5176	70.51765	1099.482	829.4824	59	2
73	2	1	0.4567326	340.5176	70.51765	1099.482	829.4824	51	2
74	NaN	NaN	1.278256	340.5176	70.51765	1099.482	829.4824	4	2
75	2	1	0.7852498	340.5176	70.51765	1099.482	829.4824	1	2
76	6	1	2.599483	340.5176	70.51765	1099.482	829.4824	96	2
77	4	1	1.869134	340.5176	70.51765	1099.482	829.4824	25	2
78	4	1	0.9816834	340.5176	70.51765	1099.482	829.4824	76	2
79	6	1	0.3761533	340.5176	70.51765	1099.482	829.4824	91	2
80	1	1	0.4533864	340.5176	70.51765	1099.482	829.4824	18	2
81	1	1	2.596883	340.5176	70.51765	1099.482	829.4824	17	2
82	4	1	0.2926896	340.5176	70.51765	1099.482	829.4824	30	2
83	5	1	1.412531	340.5176	70.51765	1099.482	829.4824	87	2
84	2	0	0.6552222	340.5176	70.51765	1099.482	829.4824	64	2
85	6	1	1.000034	340.5176	70.51765	1099.482	829.4824	95	2
86	6	0	1.22783	340.5176	70.51765	1099.482	829.4824	72	2
87	5	0	4.888666	340.5176	70.51765	1099.482	829.4824	61	2
88	6	1	1.053819	340.5176	70.51765	1099.482	829.4824	45	2
89	3	1	0.8827124	340.5176	70.51765	1099.482	829.4824	63	2
90	2	0	0.779693	340.5176	70.51765	1099.482	829.4824	14	2
91	4	1	1.506444	340.5176	70.51765	1099.482	829.4824	77	2
92	5	1	0.4520124	340.5176	70.51765	1099.482	829.4824	40	2
93	5	0	0.3125335	340.5176	70.51765	1099.482	829.4824	60	2
94	4	1	0.6600434	340.5176	70.51765	1099.482	829.4824	28	2
95	2	0	0.8817001	340.5176	70.51765	1099.482	829.4824	11	2
96	1	1	0.761101	340.5176	70.51765	1099.482	829.4824	20	2
1	1	1	1.887924	340.5176	70.51765	1099.482	829.4824	66	3
2	5	1	2.440313	340.5176	70.51765	1099.482	829.4824	82	3
3	2	1	0.3620696	340.5176	70.51765	1099.482	829.4824	49	3
4	4	1	1.069659	340.5176	70.51765	1099.482	829.4824	80	3
5	6	1	0.01902702	340.5176	70.51765	1099.482	829.4824	48	3
6	1	0	2.384867	340.5176	70.51765	1099.482	829.4824	7	3
7	1	0	1.355586	340.5176	70.51765	1099.482	829.4824	52	3
8	6	1	2.426499	340.5176	70.51765	1099.482	829.4824	94	3
9	3	1	0.4331846	340.5176	70.51765	1099.482	829.4824	63	3
10	4	1	0.3611865	340.5176	70.51765	1099.482	829.4824	75	3
11	6	1	1.994142	340.5176	70.51765	1099.482	829.4824	44	3
12	6	0	0.5958432	340.5176	70.51765	1099.482	829.4824	72	3
13	1	0	1.148708	340.5176	70.51765	1099.482	829.4824	14	3
14	6	1	1.341421	340.5176	70.51765	1099.482	829.4824	41	3
15	6	1	0.6959227	340.5176	70.51765	1099.482	829.4824	46	3
16	5	0	1.260691	340.5176	70.51765	1099.482	829.4824	5	3
17	1	1	1.140065	340.5176	70.51765	1099.482	829.4824	18	3
18	4	1	0.7603624	340.5176	70.51765	1099.482	829.4824	28	3
19	5	1	0.1732365	340.5176	70.51765	1099.482	829.4824	86	3
20	4	0	0.6003529	340.5176	70.51765	1099.482	829.4824	92	3
21	4	1	0.351078	340.5176	70.51765	1099.482	829.4824	26	3
22	4	1	1.53388	340.5176	70.51765	1099.482	829.4824	29	3
23	2	0	0.4509457	340.5176	70.51765	1099.482	829.4824	62	3
24	4	1	0.4632221	340.5176	70.51765	1099.482	829.4824	31	3
25	1	1	1.602427	340.5176	70.51765	1099.482	829.4824	19	3
26	3	1	0.4286052	340.5176	70.51765	1099.482	829.4824	11	3
27	5	0	3.704573	340.5176	70.51765	1099.482	829.4824	8	3
28	1	0	2.100299	340.5176	70.51765	1099.482	829.4824	35	3
29	2	1	0.9125754	340.5176	70.51765	1099.482	829.4824	50	3
30	5	1	1.124909	340.5176	70.51765	1099.482	829.4824	34	3
31	1	0	3.343637	340.5176	70.51765	1099.482	829.4824	55	3
32	4	0	2.726338	340.5176	70.51765	1099.482	829.4824	37	3
33	6	1	0.7809238	340.5176	70.51765	1099.482	829.4824	89	3
34	1	1	0.6325597	340.5176	70.51765	1099.482	829.4824	22	3
35	6	1	2.120774	340.5176	70.51765	1099.482	829.4824	91	3
36	6	1	0.8858179	340.5176	70.51765	1099.482	829.4824	47	3
37	5	1	0.3893914	340.5176	70.51765	1099.482	829.4824	40	3
38	2	1	1.964744	340.5176	70.51765	1099.482	829.4824	3	3
39	5	0	1.997644	340.5176	70.51765	1099.482	829.4824	2	3
40	NaN	NaN	2.42997	340.5176	70.51765	1099.482	829.4824	85	3
41	4	1	0.4113943	340.5176	70.51765	1099.482	829.4824	25	3
42	1	1	2.379269	340.5176	70.51765	1099.482	829.4824	24	3
43	5	0	0.7086696	340.5176	70.51765	1099.482	829.4824	60	3
44	4	1	0.8361046	340.5176	70.51765	1099.482	829.4824	78	3
45	2	1	0.2845746	340.5176	70.51765	1099.482	829.4824	1	3
46	1	0	1.782875	340.5176	70.51765	1099.482	829.4824	84	3
47	4	1	1.422986	340.5176	70.51765	1099.482	829.4824	77	3
48	1	1	0.6957958	340.5176	70.51765	1099.482	829.4824	70	3
49	6	1	1.061787	340.5176	70.51765	1099.482	829.4824	45	3
50	4	1	0.2246806	340.5176	70.51765	1099.482	829.4824	73	3
51	6	1	0.03953933	340.5176	70.51765	1099.482	829.4824	90	3
52	6	1	0.1671881	340.5176	70.51765	1099.482	829.4824	95	3
53	2	0	0.7922505	340.5176	70.51765	1099.482	829.4824	57	3
54	6	1	1.616061	340.5176	70.51765	1099.482	829.4824	42	3
55	3	1	1.577553	340.5176	70.51765	1099.482	829.4824	59	3
56	3	1	0.5519015	340.5176	70.51765	1099.482	829.4824	16	3
57	1	1	0.9706273	340.5176	70.51765	1099.482	829.4824	69	3
58	5	1	0.3563913	340.5176	70.51765	1099.482	829.4824	39	3
59	3	1	0.7125366	340.5176	70.51765	1099.482	829.4824	15	3
60	2	1	1.008882	340.5176	70.51765	1099.482	829.4824	6	3
61	5	0	0.1192112	340.5176	70.51765	1099.482	829.4824	12	3
62	4	1	0.2237245	340.5176	70.51765	1099.482	829.4824	32	3
63	3	1	0.539968	340.5176	70.51765	1099.482	829.4824	61	3
64	1	0	1.551803	340.5176	70.51765	1099.482	829.4824	83	3
65	6	1	0.8564576	340.5176	70.51765	1099.482	829.4824	43	3
66	5	1	0.3020972	340.5176	70.51765	1099.482	829.4824	33	3
67	5	1	0.3232143	340.5176	70.51765	1099.482	829.4824	38	3
68	5	0	0.4148528	340.5176	70.51765	1099.482	829.4824	58	3
69	1	1	1.452853	340.5176	70.51765	1099.482	829.4824	71	3
70	1	1	0.1590063	340.5176	70.51765	1099.482	829.4824	23	3
71	NaN	NaN	4.379194	340.5176	70.51765	1099.482	829.4824	4	3
72	4	1	0.7831928	340.5176	70.51765	1099.482	829.4824	79	3
73	NaN	NaN	3.018016	340.5176	70.51765	1099.482	829.4824	17	3
74	5	1	0.3502563	340.5176	70.51765	1099.482	829.4824	88	3
75	3	1	3.009393	340.5176	70.51765	1099.482	829.4824	13	3
76	1	1	1.126141	340.5176	70.51765	1099.482	829.4824	67	3
77	5	0	0.6830853	340.5176	70.51765	1099.482	829.4824	10	3
78	4	1	0.1423829	340.5176	70.51765	1099.482	829.4824	27	3
79	6	1	0.463818	340.5176	70.51765	1099.482	829.4824	96	3
80	2	0	1.590245	340.5176	70.51765	1099.482	829.4824	9	3
81	1	1	0.8579999	340.5176	70.51765	1099.482	829.4824	21	3
82	NaN	NaN	3.196018	340.5176	70.51765	1099.482	829.4824	36	3
83	4	1	1.573776	340.5176	70.51765	1099.482	829.4824	76	3
84	5	0	0.3326934	340.5176	70.51765	1099.482	829.4824	56	3
85	5	0	0.2682914	340.5176	70.51765	1099.482	829.4824	53	3
86	5	0	1.273536	340.5176	70.51765	1099.482	829.4824	54	3
87	6	0	1.87791	340.5176	70.51765	1099.482	829.4824	65	3
88	5	1	0.3508433	340.5176	70.51765	1099.482	829.4824	87	3
89	5	1	0.580017	340.5176	70.51765	1099.482	829.4824	81	3
90	4	1	0.3699154	340.5176	70.51765	1099.482	829.4824	74	3
91	3	1	1.533433	340.5176	70.51765	1099.482	829.4824	64	3
92	2	1	0.4725799	340.5176	70.51765	1099.482	829.4824	51	3
93	6	0	0.9991816	340.5176	70.51765	1099.482	829.4824	68	3
94	6	1	1.845701	340.5176	70.51765	1099.482	829.4824	93	3
95	4	1	0.2900621	340.5176	70.51765	1099.482	829.4824	30	3
96	1	1	1.629744	340.5176	70.51765	1099.482	829.4824	20	3
