1	1	0	23.90481	340.5176	70.51765	1099.482	829.4824	32	3
2	5	1	7.49842	340.5176	70.51765	1099.482	829.4824	40	3
3	6	0	1.355528	340.5176	70.51765	1099.482	829.4824	22	3
4	NaN	NaN	2.67733	340.5176	70.51765	1099.482	829.4824	34	3
5	4	0	4.686285	340.5176	70.51765	1099.482	829.4824	92	3
6	6	1	1.685538	340.5176	70.51765	1099.482	829.4824	91	3
7	2	0	14.53026	340.5176	70.51765	1099.482	829.4824	35	3
8	6	0	5.420242	340.5176	70.51765	1099.482	829.4824	6	3
9	2	1	1.784445	340.5176	70.51765	1099.482	829.4824	55	3
10	2	1	0.3804688	340.5176	70.51765	1099.482	829.4824	3	3
11	6	1	1.615164	340.5176	70.51765	1099.482	829.4824	96	3
12	1	1	1.61797	340.5176	70.51765	1099.482	829.4824	68	3
13	3	1	1.239682	340.5176	70.51765	1099.482	829.4824	16	3
14	6	0	1.203758	340.5176	70.51765	1099.482	829.4824	69	3
15	2	0	1.159766	340.5176	70.51765	1099.482	829.4824	11	3
16	5	0	0.8024898	340.5176	70.51765	1099.482	829.4824	54	3
17	4	1	0.439452	340.5176	70.51765	1099.482	829.4824	30	3
18	6	1	0.956057	340.5176	70.51765	1099.482	829.4824	45	3
19	NaN	NaN	2.235751	340.5176	70.51765	1099.482	829.4824	77	3
20	5	0	0.5504733	340.5176	70.51765	1099.482	829.4824	60	3
21	5	0	8.337875	340.5176	70.51765	1099.482	829.4824	74	3
22	4	1	0.5508022	340.5176	70.51765	1099.482	829.4824	78	3
23	6	0	1.110475	340.5176	70.51765	1099.482	829.4824	72	3
24	5	0	0.6737198	340.5176	70.51765	1099.482	829.4824	62	3
25	6	0	1.014731	340.5176	70.51765	1099.482	829.4824	70	3
26	2	1	0.3928215	340.5176	70.51765	1099.482	829.4824	51	3
27	5	1	0.5414494	340.5176	70.51765	1099.482	829.4824	33	3
28	5	0	0.914882	340.5176	70.51765	1099.482	829.4824	7	3
29	5	1	1.145309	340.5176	70.51765	1099.482	829.4824	86	3
30	5	1	8.699646	340.5176	70.51765	1099.482	829.4824	38	3
31	5	0	1.171946	340.5176	70.51765	1099.482	829.4824	58	3
32	4	1	0.4858066	340.5176	70.51765	1099.482	829.4824	76	3
33	6	0	4.231204	340.5176	70.51765	1099.482	829.4824	81	3
34	2	0	0.9539359	340.5176	70.51765	1099.482	829.4824	89	3
35	2	0	0.3750297	340.5176	70.51765	1099.482	829.4824	42	3
36	4	1	0.665265	340.5176	70.51765	1099.482	829.4824	28	3
37	6	0	1.591058	340.5176	70.51765	1099.482	829.4824	17	3
38	6	1	0.9503206	340.5176	70.51765	1099.482	829.4824	41	3
39	6	1	1.302868	340.5176	70.51765	1099.482	829.4824	47	3
40	5	0	0.8709081	340.5176	70.51765	1099.482	829.4824	80	3
41	5	0	0.5583109	340.5176	70.51765	1099.482	829.4824	14	3
42	2	0	2.946879	340.5176	70.51765	1099.482	829.4824	46	3
43	6	0	7.72019	340.5176	70.51765	1099.482	829.4824	56	3
44	2	0	6.751827	340.5176	70.51765	1099.482	829.4824	63	3
45	6	1	1.186379	340.5176	70.51765	1099.482	829.4824	93	3
46	5	0	0.7883744	340.5176	70.51765	1099.482	829.4824	8	3
47	6	0	1.154422	340.5176	70.51765	1099.482	829.4824	67	3
48	5	1	1.603473	340.5176	70.51765	1099.482	829.4824	84	3
49	4	0	1.36186	340.5176	70.51765	1099.482	829.4824	90	3
50	5	1	1.436489	340.5176	70.51765	1099.482	829.4824	83	3
51	2	0	0.9955939	340.5176	70.51765	1099.482	829.4824	59	3
52	4	1	0.8057664	340.5176	70.51765	1099.482	829.4824	79	3
53	6	0	6.038807	340.5176	70.51765	1099.482	829.4824	5	3
54	6	1	1.3246	340.5176	70.51765	1099.482	829.4824	48	3
55	5	0	1.102246	340.5176	70.51765	1099.482	829.4824	53	3
56	4	1	1.436386	340.5176	70.51765	1099.482	829.4824	29	3
57	6	0	1.500141	340.5176	70.51765	1099.482	829.4824	21	3
58	4	1	0.5051577	340.5176	70.51765	1099.482	829.4824	25	3
59	6	0	17.24041	340.5176	70.51765	1099.482	829.4824	52	3
60	6	0	7.112679	340.5176	70.51765	1099.482	829.4824	37	3
61	3	1	1.148835	340.5176	70.51765	1099.482	829.4824	64	3
62	4	1	1.170313	340.5176	70.51765	1099.482	829.4824	31	3
63	2	1	0.9727883	340.5176	70.51765	1099.482	829.4824	49	3
64	4	1	0.578854	340.5176	70.51765	1099.482	829.4824	27	3
65	6	0	1.909448	340.5176	70.51765	1099.482	829.4824	61	3
66	5	1	0.7043826	340.5176	70.51765	1099.482	829.4824	88	3
67	2	1	1.413274	340.5176	70.51765	1099.482	829.4824	50	3
68	5	1	1.233324	340.5176	70.51765	1099.482	829.4824	87	3
69	4	1	0.8364198	340.5176	70.51765	1099.482	829.4824	26	3
70	6	1	0.7701265	340.5176	70.51765	1099.482	829.4824	43	3
71	6	1	1.411982	340.5176	70.51765	1099.482	829.4824	94	3
72	6	0	1.357354	340.5176	70.51765	1099.482	829.4824	19	3
73	6	1	1.580404	340.5176	70.51765	1099.482	829.4824	44	3
74	6	0	2.041513	340.5176	70.51765	1099.482	829.4824	15	3
75	4	1	1.285789	340.5176	70.51765	1099.482	829.4824	73	3
76	2	1	1.258748	340.5176	70.51765	1099.482	829.4824	1	3
77	6	0	3.457745	340.5176	70.51765	1099.482	829.4824	36	3
78	2	0	2.071772	340.5176	70.51765	1099.482	829.4824	82	3
79	2	0	0.8659669	340.5176	70.51765	1099.482	829.4824	71	3
80	2	0	0.4460286	340.5176	70.51765	1099.482	829.4824	23	3
81	6	0	2.2619	340.5176	70.51765	1099.482	829.4824	65	3
82	3	0	1.55117	340.5176	70.51765	1099.482	829.4824	2	3
83	5	0	2.78027	340.5176	70.51765	1099.482	829.4824	4	3
84	5	0	0.515245	340.5176	70.51765	1099.482	829.4824	18	3
85	6	0	2.759031	340.5176	70.51765	1099.482	829.4824	85	3
86	4	1	1.693245	340.5176	70.51765	1099.482	829.4824	75	3
87	6	0	3.120765	340.5176	70.51765	1099.482	829.4824	24	3
88	6	1	0.6948213	340.5176	70.51765	1099.482	829.4824	95	3
89	5	1	0.692799	340.5176	70.51765	1099.482	829.4824	39	3
90	3	1	1.25392	340.5176	70.51765	1099.482	829.4824	13	3
91	2	0	2.419609	340.5176	70.51765	1099.482	829.4824	9	3
92	5	0	1.2172	340.5176	70.51765	1099.482	829.4824	66	3
93	1	1	0.5783887	340.5176	70.51765	1099.482	829.4824	20	3
94	2	0	1.028276	340.5176	70.51765	1099.482	829.4824	57	3
95	3	1	1.843122	340.5176	70.51765	1099.482	829.4824	10	3
96	5	0	0.8264657	340.5176	70.51765	1099.482	829.4824	12	3
1	2	0	7.720321	340.5176	70.51765	1099.482	829.4824	95	2
2	4	1	16.94857	340.5176	70.51765	1099.482	829.4824	75	2
3	NaN	NaN	19.4483	340.5176	70.51765	1099.482	829.4824	67	2
4	2	1	0.9130543	340.5176	70.51765	1099.482	829.4824	50	2
5	5	0	0.8995341	340.5176	70.51765	1099.482	829.4824	14	2
6	2	1	0.5888294	340.5176	70.51765	1099.482	829.4824	51	2
7	5	0	0.5267974	340.5176	70.51765	1099.482	829.4824	60	2
8	4	1	1.000808	340.5176	70.51765	1099.482	829.4824	76	2
9	4	1	0.6827219	340.5176	70.51765	1099.482	829.4824	27	2
10	5	0	0.4659918	340.5176	70.51765	1099.482	829.4824	5	2
11	5	0	0.6031427	340.5176	70.51765	1099.482	829.4824	66	2
12	5	0	0.8689069	340.5176	70.51765	1099.482	829.4824	6	2
13	5	1	0.8007714	340.5176	70.51765	1099.482	829.4824	40	2
14	3	1	1.520049	340.5176	70.51765	1099.482	829.4824	15	2
15	5	1	1.532388	340.5176	70.51765	1099.482	829.4824	35	2
16	5	0	1.223544	340.5176	70.51765	1099.482	829.4824	4	2
17	NaN	NaN	2.678118	340.5176	70.51765	1099.482	829.4824	45	2
18	5	1	0.8317791	340.5176	70.51765	1099.482	829.4824	88	2
19	4	1	0.9100151	340.5176	70.51765	1099.482	829.4824	26	2
20	4	0	0.7704063	340.5176	70.51765	1099.482	829.4824	44	2
21	NaN	NaN	1.880872	340.5176	70.51765	1099.482	829.4824	7	2
22	5	1	0.830489	340.5176	70.51765	1099.482	829.4824	36	2
23	5	0	1.464343	340.5176	70.51765	1099.482	829.4824	55	2
24	6	1	1.105948	340.5176	70.51765	1099.482	829.4824	47	2
25	6	1	0.972084	340.5176	70.51765	1099.482	829.4824	90	2
26	2	0	3.502721	340.5176	70.51765	1099.482	829.4824	17	2
27	4	1	1.872901	340.5176	70.51765	1099.482	829.4824	74	2
28	5	0	0.4398554	340.5176	70.51765	1099.482	829.4824	56	2
29	5	0	0.2585747	340.5176	70.51765	1099.482	829.4824	8	2
30	5	0	1.058792	340.5176	70.51765	1099.482	829.4824	13	2
31	6	1	1.621026	340.5176	70.51765	1099.482	829.4824	93	2
32	5	1	1.416388	340.5176	70.51765	1099.482	829.4824	81	2
33	3	1	2.447748	340.5176	70.51765	1099.482	829.4824	16	2
34	4	1	0.8123354	340.5176	70.51765	1099.482	829.4824	31	2
35	1	1	1.126913	340.5176	70.51765	1099.482	829.4824	68	2
36	NaN	NaN	5.735066	340.5176	70.51765	1099.482	829.4824	37	2
37	5	0	0.683646	340.5176	70.51765	1099.482	829.4824	18	2
38	5	0	0.9458072	340.5176	70.51765	1099.482	829.4824	24	2
39	2	0	1.190184	340.5176	70.51765	1099.482	829.4824	39	2
40	6	1	1.188514	340.5176	70.51765	1099.482	829.4824	46	2
41	2	0	1.066111	340.5176	70.51765	1099.482	829.4824	83	2
42	5	0	0.6931597	340.5176	70.51765	1099.482	829.4824	54	2
43	6	1	3.50407	340.5176	70.51765	1099.482	829.4824	94	2
44	5	0	0.4719185	340.5176	70.51765	1099.482	829.4824	52	2
45	2	0	0.7706914	340.5176	70.51765	1099.482	829.4824	57	2
46	6	0	1.151513	340.5176	70.51765	1099.482	829.4824	22	2
47	4	1	0.9045672	340.5176	70.51765	1099.482	829.4824	77	2
48	5	1	0.4521858	340.5176	70.51765	1099.482	829.4824	33	2
49	4	1	0.8935685	340.5176	70.51765	1099.482	829.4824	80	2
50	4	1	0.8258626	340.5176	70.51765	1099.482	829.4824	79	2
51	5	0	0.6328215	340.5176	70.51765	1099.482	829.4824	10	2
52	6	0	4.795849	340.5176	70.51765	1099.482	829.4824	65	2
53	5	0	1.403467	340.5176	70.51765	1099.482	829.4824	70	2
54	5	0	0.6631778	340.5176	70.51765	1099.482	829.4824	61	2
55	4	1	0.5164216	340.5176	70.51765	1099.482	829.4824	25	2
56	5	0	0.8332128	340.5176	70.51765	1099.482	829.4824	53	2
57	4	1	0.8572779	340.5176	70.51765	1099.482	829.4824	30	2
58	5	1	2.436855	340.5176	70.51765	1099.482	829.4824	85	2
59	5	1	0.7346691	340.5176	70.51765	1099.482	829.4824	82	2
60	2	0	1.997731	340.5176	70.51765	1099.482	829.4824	62	2
61	2	1	0.5017642	340.5176	70.51765	1099.482	829.4824	3	2
62	6	0	0.720251	340.5176	70.51765	1099.482	829.4824	23	2
63	5	0	0.5665357	340.5176	70.51765	1099.482	829.4824	58	2
64	2	1	0.6310257	340.5176	70.51765	1099.482	829.4824	1	2
65	6	1	0.4149901	340.5176	70.51765	1099.482	829.4824	91	2
66	6	1	1.034052	340.5176	70.51765	1099.482	829.4824	89	2
67	4	1	0.9607755	340.5176	70.51765	1099.482	829.4824	28	2
68	4	1	0.64391	340.5176	70.51765	1099.482	829.4824	78	2
69	6	1	0.5788165	340.5176	70.51765	1099.482	829.4824	41	2
70	2	0	0.8019142	340.5176	70.51765	1099.482	829.4824	59	2
71	3	1	0.5551629	340.5176	70.51765	1099.482	829.4824	63	2
72	4	0	1.601521	340.5176	70.51765	1099.482	829.4824	92	2
73	3	1	1.389384	340.5176	70.51765	1099.482	829.4824	64	2
74	4	0	1.310834	340.5176	70.51765	1099.482	829.4824	21	2
75	2	1	0.7908995	340.5176	70.51765	1099.482	829.4824	49	2
76	4	1	0.8879892	340.5176	70.51765	1099.482	829.4824	29	2
77	6	1	0.6831744	340.5176	70.51765	1099.482	829.4824	48	2
78	1	1	0.7980344	340.5176	70.51765	1099.482	829.4824	20	2
79	2	0	1.62442	340.5176	70.51765	1099.482	829.4824	11	2
80	4	0	3.838431	340.5176	70.51765	1099.482	829.4824	69	2
81	6	1	0.9462278	340.5176	70.51765	1099.482	829.4824	43	2
82	6	0	0.482374	340.5176	70.51765	1099.482	829.4824	19	2
83	4	1	0.9013924	340.5176	70.51765	1099.482	829.4824	73	2
84	5	0	1.481247	340.5176	70.51765	1099.482	829.4824	72	2
85	5	0	2.528974	340.5176	70.51765	1099.482	829.4824	32	2
86	5	1	0.3733158	340.5176	70.51765	1099.482	829.4824	34	2
87	5	1	0.5723742	340.5176	70.51765	1099.482	829.4824	38	2
88	6	1	1.103899	340.5176	70.51765	1099.482	829.4824	96	2
89	2	1	2.254852	340.5176	70.51765	1099.482	829.4824	2	2
90	2	0	0.3215709	340.5176	70.51765	1099.482	829.4824	9	2
91	5	1	0.5442702	340.5176	70.51765	1099.482	829.4824	87	2
92	4	0	0.6682262	340.5176	70.51765	1099.482	829.4824	42	2
93	6	0	0.835149	340.5176	70.51765	1099.482	829.4824	71	2
94	5	0	0.3816991	340.5176	70.51765	1099.482	829.4824	12	2
95	5	1	0.513645	340.5176	70.51765	1099.482	829.4824	84	2
96	5	1	0.815931	340.5176	70.51765	1099.482	829.4824	86	2
1	4	1	0.7878739	340.5176	70.51765	1099.482	829.4824	27	1
2	5	0	0.8131416	340.5176	70.51765	1099.482	829.4824	52	1
3	5	1	0.8863698	340.5176	70.51765	1099.482	829.4824	86	1
4	2	1	0.487462	340.5176	70.51765	1099.482	829.4824	1	1
5	3	0	1.715159	340.5176	70.51765	1099.482	829.4824	50	1
6	2	1	0.897949	340.5176	70.51765	1099.482	829.4824	7	1
7	2	0	1.274376	340.5176	70.51765	1099.482	829.4824	82	1
8	6	1	0.6007292	340.5176	70.51765	1099.482	829.4824	95	1
9	6	1	0.3474051	340.5176	70.51765	1099.482	829.4824	93	1
10	1	1	1.73976	340.5176	70.51765	1099.482	829.4824	18	1
11	6	1	0.4909412	340.5176	70.51765	1099.482	829.4824	91	1
12	3	0	1.150628	340.5176	70.51765	1099.482	829.4824	2	1
13	4	0	0.729447	340.5176	70.51765	1099.482	829.4824	42	1
14	5	1	1.853601	340.5176	70.51765	1099.482	829.4824	35	1
15	4	1	1.004327	340.5176	70.51765	1099.482	829.4824	31	1
16	3	1	1.150639	340.5176	70.51765	1099.482	829.4824	58	1
17	2	1	0.8296933	340.5176	70.51765	1099.482	829.4824	3	1
18	1	1	0.951803	340.5176	70.51765	1099.482	829.4824	68	1
19	6	1	0.8707598	340.5176	70.51765	1099.482	829.4824	47	1
20	NaN	NaN	8.940114	340.5176	70.51765	1099.482	829.4824	64	1
21	2	0	5.099286	340.5176	70.51765	1099.482	829.4824	34	1
22	6	0	2.358926	340.5176	70.51765	1099.482	829.4824	24	1
23	6	0	1.04944	340.5176	70.51765	1099.482	829.4824	71	1
24	5	0	1.814129	340.5176	70.51765	1099.482	829.4824	54	1
25	3	1	1.930913	340.5176	70.51765	1099.482	829.4824	13	1
26	6	1	0.9354931	340.5176	70.51765	1099.482	829.4824	48	1
27	4	1	0.765258	340.5176	70.51765	1099.482	829.4824	75	1
28	NaN	NaN	2.870926	340.5176	70.51765	1099.482	829.4824	61	1
29	4	0	1.144876	340.5176	70.51765	1099.482	829.4824	92	1
30	5	1	1.19053	340.5176	70.51765	1099.482	829.4824	83	1
31	2	1	1.027161	340.5176	70.51765	1099.482	829.4824	6	1
32	5	0	1.117178	340.5176	70.51765	1099.482	829.4824	12	1
33	4	1	0.5369885	340.5176	70.51765	1099.482	829.4824	26	1
34	6	1	0.4161787	340.5176	70.51765	1099.482	829.4824	43	1
35	5	1	0.6237421	340.5176	70.51765	1099.482	829.4824	88	1
36	6	0	5.877201	340.5176	70.51765	1099.482	829.4824	65	1
37	6	1	1.240784	340.5176	70.51765	1099.482	829.4824	89	1
38	5	0	0.8014353	340.5176	70.51765	1099.482	829.4824	60	1
39	6	1	2.053382	340.5176	70.51765	1099.482	829.4824	46	1
40	2	0	1.289913	340.5176	70.51765	1099.482	829.4824	11	1
41	4	1	1.344371	340.5176	70.51765	1099.482	829.4824	32	1
42	2	1	0.4379997	340.5176	70.51765	1099.482	829.4824	51	1
43	6	0	0.4949305	340.5176	70.51765	1099.482	829.4824	67	1
44	4	1	0.6035386	340.5176	70.51765	1099.482	829.4824	25	1
45	6	0	1.273431	340.5176	70.51765	1099.482	829.4824	21	1
46	4	1	0.6934781	340.5176	70.51765	1099.482	829.4824	79	1
47	2	1	1.325466	340.5176	70.51765	1099.482	829.4824	53	1
48	5	0	1.302085	340.5176	70.51765	1099.482	829.4824	22	1
49	5	1	0.8574497	340.5176	70.51765	1099.482	829.4824	40	1
50	4	1	1.045747	340.5176	70.51765	1099.482	829.4824	77	1
51	4	1	0.3650784	340.5176	70.51765	1099.482	829.4824	78	1
52	6	1	0.626252	340.5176	70.51765	1099.482	829.4824	94	1
53	4	1	1.218209	340.5176	70.51765	1099.482	829.4824	28	1
54	3	1	1.997948	340.5176	70.51765	1099.482	829.4824	14	1
55	6	0	1.305005	340.5176	70.51765	1099.482	829.4824	19	1
56	6	0	16.02976	340.5176	70.51765	1099.482	829.4824	57	1
57	5	1	0.801634	340.5176	70.51765	1099.482	829.4824	81	1
58	6	0	0.8410168	340.5176	70.51765	1099.482	829.4824	69	1
59	3	1	1.164515	340.5176	70.51765	1099.482	829.4824	16	1
60	5	1	1.026733	340.5176	70.51765	1099.482	829.4824	84	1
61	4	1	1.012973	340.5176	70.51765	1099.482	829.4824	80	1
62	3	1	1.488422	340.5176	70.51765	1099.482	829.4824	59	1
63	6	1	0.894669	340.5176	70.51765	1099.482	829.4824	44	1
64	5	1	0.9772266	340.5176	70.51765	1099.482	829.4824	33	1
65	5	1	0.5890935	340.5176	70.51765	1099.482	829.4824	39	1
66	1	0	1.347607	340.5176	70.51765	1099.482	829.4824	36	1
67	6	0	1.55197	340.5176	70.51765	1099.482	829.4824	56	1
68	4	1	0.4857456	340.5176	70.51765	1099.482	829.4824	73	1
69	1	1	0.5912177	340.5176	70.51765	1099.482	829.4824	20	1
70	6	1	0.5277191	340.5176	70.51765	1099.482	829.4824	41	1
71	5	1	1.452761	340.5176	70.51765	1099.482	829.4824	87	1
72	6	0	1.316842	340.5176	70.51765	1099.482	829.4824	9	1
73	2	1	0.848509	340.5176	70.51765	1099.482	829.4824	49	1
74	NaN	NaN	2.022088	340.5176	70.51765	1099.482	829.4824	85	1
75	3	1	1.13614	340.5176	70.51765	1099.482	829.4824	63	1
76	4	1	0.2823687	340.5176	70.51765	1099.482	829.4824	30	1
77	6	0	0.6531742	340.5176	70.51765	1099.482	829.4824	23	1
78	3	1	1.069755	340.5176	70.51765	1099.482	829.4824	62	1
79	1	1	1.059328	340.5176	70.51765	1099.482	829.4824	72	1
80	6	0	1.14277	340.5176	70.51765	1099.482	829.4824	8	1
81	6	0	2.244953	340.5176	70.51765	1099.482	829.4824	66	1
82	5	0	1.372057	340.5176	70.51765	1099.482	829.4824	4	1
83	3	1	1.180225	340.5176	70.51765	1099.482	829.4824	15	1
84	6	0	3.391941	340.5176	70.51765	1099.482	829.4824	70	1
85	4	0	1.004651	340.5176	70.51765	1099.482	829.4824	90	1
86	NaN	NaN	2.372004	340.5176	70.51765	1099.482	829.4824	37	1
87	4	1	0.8183657	340.5176	70.51765	1099.482	829.4824	76	1
88	4	1	0.3154003	340.5176	70.51765	1099.482	829.4824	29	1
89	5	0	0.6683865	340.5176	70.51765	1099.482	829.4824	5	1
90	5	1	0.463385	340.5176	70.51765	1099.482	829.4824	38	1
91	4	1	0.1889973	340.5176	70.51765	1099.482	829.4824	74	1
92	6	0	0.884518	340.5176	70.51765	1099.482	829.4824	17	1
93	6	1	0.3346849	340.5176	70.51765	1099.482	829.4824	45	1
94	3	1	1.274225	340.5176	70.51765	1099.482	829.4824	10	1
95	4	0	1.040285	340.5176	70.51765	1099.482	829.4824	96	1
96	2	1	1.441967	340.5176	70.51765	1099.482	829.4824	55	1
