1	3	0	20.14145	550.4	130.4	1369.6	949.6	32	1
2	5	1	2.328015	550.4	130.4	1369.6	949.6	40	1
3	6	0	2.512379	550.4	130.4	1369.6	949.6	22	1
4	2	0	8.799712	550.4	130.4	1369.6	949.6	34	1
5	6	1	2.362695	550.4	130.4	1369.6	949.6	92	1
6	6	1	1.567966	550.4	130.4	1369.6	949.6	91	1
7	2	0	4.09943	550.4	130.4	1369.6	949.6	35	1
8	2	1	2.788116	550.4	130.4	1369.6	949.6	6	1
9	1	0	7.935705	550.4	130.4	1369.6	949.6	55	1
10	3	0	2.928115	550.4	130.4	1369.6	949.6	3	1
11	6	1	8.621764	550.4	130.4	1369.6	949.6	96	1
12	1	1	11.93357	550.4	130.4	1369.6	949.6	68	1
13	3	1	3.500651	550.4	130.4	1369.6	949.6	16	1
14	NaN	NaN	12.94975	550.4	130.4	1369.6	949.6	69	1
15	3	1	2.802564	550.4	130.4	1369.6	949.6	11	1
16	2	1	3.463404	550.4	130.4	1369.6	949.6	54	1
17	4	1	17.50962	550.4	130.4	1369.6	949.6	30	1
18	6	1	1.868037	550.4	130.4	1369.6	949.6	45	1
19	4	1	1.88743	550.4	130.4	1369.6	949.6	77	1
20	3	1	2.941985	550.4	130.4	1369.6	949.6	60	1
21	4	1	3.934532	550.4	130.4	1369.6	949.6	74	1
22	4	1	5.027904	550.4	130.4	1369.6	949.6	78	1
23	NaN	NaN	23.95163	550.4	130.4	1369.6	949.6	72	1
24	3	1	1.309711	550.4	130.4	1369.6	949.6	62	1
25	6	0	1.536796	550.4	130.4	1369.6	949.6	70	1
26	3	0	2.051752	550.4	130.4	1369.6	949.6	51	1
27	NaN	NaN	15.75279	550.4	130.4	1369.6	949.6	33	1
28	NaN	NaN	4.905254	550.4	130.4	1369.6	949.6	7	1
29	2	0	13.76999	550.4	130.4	1369.6	949.6	86	1
30	3	0	7.758038	550.4	130.4	1369.6	949.6	38	1
31	NaN	NaN	56.44423	550.4	130.4	1369.6	949.6	58	1
32	4	1	1.452433	550.4	130.4	1369.6	949.6	76	1
33	6	0	1.529726	550.4	130.4	1369.6	949.6	81	1
34	6	1	1.162844	550.4	130.4	1369.6	949.6	89	1
35	6	1	1.229044	550.4	130.4	1369.6	949.6	42	1
36	4	1	0.745684	550.4	130.4	1369.6	949.6	28	1
37	6	0	1.682699	550.4	130.4	1369.6	949.6	17	1
38	6	1	4.725243	550.4	130.4	1369.6	949.6	41	1
39	4	0	11.99416	550.4	130.4	1369.6	949.6	47	1
40	4	1	2.379915	550.4	130.4	1369.6	949.6	80	1
41	3	1	1.402732	550.4	130.4	1369.6	949.6	14	1
42	4	0	1.79719	550.4	130.4	1369.6	949.6	46	1
43	5	0	1.222087	550.4	130.4	1369.6	949.6	56	1
44	6	0	1.233053	550.4	130.4	1369.6	949.6	63	1
45	6	1	1.349161	550.4	130.4	1369.6	949.6	93	1
46	5	0	2.221037	550.4	130.4	1369.6	949.6	8	1
47	6	0	3.230662	550.4	130.4	1369.6	949.6	67	1
48	6	0	1.958995	550.4	130.4	1369.6	949.6	84	1
49	6	1	1.584805	550.4	130.4	1369.6	949.6	90	1
50	5	1	1.524236	550.4	130.4	1369.6	949.6	83	1
51	3	1	1.101314	550.4	130.4	1369.6	949.6	59	1
52	4	1	1.615498	550.4	130.4	1369.6	949.6	79	1
53	3	0	3.293308	550.4	130.4	1369.6	949.6	5	1
54	4	0	1.641913	550.4	130.4	1369.6	949.6	48	1
55	5	0	3.747676	550.4	130.4	1369.6	949.6	53	1
56	4	1	2.596992	550.4	130.4	1369.6	949.6	29	1
57	6	0	3.858869	550.4	130.4	1369.6	949.6	21	1
58	4	1	2.723867	550.4	130.4	1369.6	949.6	25	1
59	NaN	NaN	4.820045	550.4	130.4	1369.6	949.6	52	1
60	6	0	7.589284	550.4	130.4	1369.6	949.6	37	1
61	3	1	1.546152	550.4	130.4	1369.6	949.6	64	1
62	4	1	0.9261485	550.4	130.4	1369.6	949.6	31	1
63	2	1	3.85378	550.4	130.4	1369.6	949.6	49	1
64	4	1	1.049348	550.4	130.4	1369.6	949.6	27	1
65	3	1	1.505232	550.4	130.4	1369.6	949.6	61	1
66	3	0	2.959559	550.4	130.4	1369.6	949.6	88	1
67	2	1	2.381055	550.4	130.4	1369.6	949.6	50	1
68	6	0	2.563469	550.4	130.4	1369.6	949.6	87	1
69	4	1	1.335486	550.4	130.4	1369.6	949.6	26	1
70	6	1	1.396023	550.4	130.4	1369.6	949.6	43	1
71	4	0	1.420499	550.4	130.4	1369.6	949.6	94	1
72	6	0	1.181681	550.4	130.4	1369.6	949.6	19	1
73	6	1	1.880192	550.4	130.4	1369.6	949.6	44	1
74	3	1	1.573484	550.4	130.4	1369.6	949.6	15	1
75	4	1	3.388838	550.4	130.4	1369.6	949.6	73	1
76	2	1	1.420795	550.4	130.4	1369.6	949.6	1	1
77	6	0	1.210066	550.4	130.4	1369.6	949.6	36	1
78	3	0	3.667471	550.4	130.4	1369.6	949.6	82	1
79	6	0	2.096042	550.4	130.4	1369.6	949.6	71	1
80	6	0	0.8540006	550.4	130.4	1369.6	949.6	23	1
81	6	0	1.789838	550.4	130.4	1369.6	949.6	65	1
82	3	0	4.27868	550.4	130.4	1369.6	949.6	2	1
83	6	0	3.617076	550.4	130.4	1369.6	949.6	4	1
84	6	0	1.376445	550.4	130.4	1369.6	949.6	18	1
85	6	0	2.107774	550.4	130.4	1369.6	949.6	85	1
86	4	1	0.9316223	550.4	130.4	1369.6	949.6	75	1
87	6	0	3.142738	550.4	130.4	1369.6	949.6	24	1
88	6	1	1.098081	550.4	130.4	1369.6	949.6	95	1
89	3	0	2.773269	550.4	130.4	1369.6	949.6	39	1
90	3	1	1.472555	550.4	130.4	1369.6	949.6	13	1
91	2	0	1.604615	550.4	130.4	1369.6	949.6	9	1
92	6	0	1.28895	550.4	130.4	1369.6	949.6	66	1
93	6	0	3.264472	550.4	130.4	1369.6	949.6	20	1
94	2	0	10.03361	550.4	130.4	1369.6	949.6	57	1
95	2	0	1.571207	550.4	130.4	1369.6	949.6	10	1
96	6	0	2.264642	550.4	130.4	1369.6	949.6	12	1
1	4	1	3.776069	550.4	130.4	1369.6	949.6	32	3
2	5	1	11.06412	550.4	130.4	1369.6	949.6	40	3
3	4	0	3.027214	550.4	130.4	1369.6	949.6	22	3
4	5	1	3.275767	550.4	130.4	1369.6	949.6	34	3
5	6	1	1.527944	550.4	130.4	1369.6	949.6	92	3
6	6	1	2.587704	550.4	130.4	1369.6	949.6	91	3
7	5	1	3.168038	550.4	130.4	1369.6	949.6	35	3
8	5	0	1.616907	550.4	130.4	1369.6	949.6	6	3
9	NaN	NaN	8.90578	550.4	130.4	1369.6	949.6	55	3
10	3	0	4.168209	550.4	130.4	1369.6	949.6	3	3
11	4	0	4.482407	550.4	130.4	1369.6	949.6	96	3
12	1	1	12.00658	550.4	130.4	1369.6	949.6	68	3
13	3	1	1.154483	550.4	130.4	1369.6	949.6	16	3
14	6	0	2.970489	550.4	130.4	1369.6	949.6	69	3
15	3	1	1.329935	550.4	130.4	1369.6	949.6	11	3
16	3	0	2.665984	550.4	130.4	1369.6	949.6	54	3
17	4	1	8.698631	550.4	130.4	1369.6	949.6	30	3
18	6	1	14.40319	550.4	130.4	1369.6	949.6	45	3
19	4	1	1.624718	550.4	130.4	1369.6	949.6	77	3
20	NaN	NaN	21.99367	550.4	130.4	1369.6	949.6	60	3
21	4	1	1.208289	550.4	130.4	1369.6	949.6	74	3
22	4	1	0.785565	550.4	130.4	1369.6	949.6	78	3
23	6	0	1.76633	550.4	130.4	1369.6	949.6	72	3
24	3	1	5.834271	550.4	130.4	1369.6	949.6	62	3
25	3	0	23.00815	550.4	130.4	1369.6	949.6	70	3
26	2	1	9.376578	550.4	130.4	1369.6	949.6	51	3
27	6	0	4.402929	550.4	130.4	1369.6	949.6	33	3
28	1	0	2.804226	550.4	130.4	1369.6	949.6	7	3
29	5	1	2.381699	550.4	130.4	1369.6	949.6	86	3
30	5	1	1.020273	550.4	130.4	1369.6	949.6	38	3
31	3	1	1.960028	550.4	130.4	1369.6	949.6	58	3
32	4	1	0.9210231	550.4	130.4	1369.6	949.6	76	3
33	6	0	3.346123	550.4	130.4	1369.6	949.6	81	3
34	6	1	17.96642	550.4	130.4	1369.6	949.6	89	3
35	4	0	3.048504	550.4	130.4	1369.6	949.6	42	3
36	4	1	1.106985	550.4	130.4	1369.6	949.6	28	3
37	6	0	10.10525	550.4	130.4	1369.6	949.6	17	3
38	NaN	NaN	14.05785	550.4	130.4	1369.6	949.6	41	3
39	6	1	17.31413	550.4	130.4	1369.6	949.6	47	3
40	4	1	3.122761	550.4	130.4	1369.6	949.6	80	3
41	3	1	4.820156	550.4	130.4	1369.6	949.6	14	3
42	6	1	3.1006	550.4	130.4	1369.6	949.6	46	3
43	5	0	3.000077	550.4	130.4	1369.6	949.6	56	3
44	3	1	2.712819	550.4	130.4	1369.6	949.6	63	3
45	4	0	11.89576	550.4	130.4	1369.6	949.6	93	3
46	2	1	3.040589	550.4	130.4	1369.6	949.6	8	3
47	6	0	1.728512	550.4	130.4	1369.6	949.6	67	3
48	1	0	29.73191	550.4	130.4	1369.6	949.6	84	3
49	4	0	5.28179	550.4	130.4	1369.6	949.6	90	3
50	3	0	30.49671	550.4	130.4	1369.6	949.6	83	3
51	3	1	2.46707	550.4	130.4	1369.6	949.6	59	3
52	4	1	1.617586	550.4	130.4	1369.6	949.6	79	3
53	2	1	1.682052	550.4	130.4	1369.6	949.6	5	3
54	4	0	3.277577	550.4	130.4	1369.6	949.6	48	3
55	2	1	1.166855	550.4	130.4	1369.6	949.6	53	3
56	4	1	1.022507	550.4	130.4	1369.6	949.6	29	3
57	6	0	1.537016	550.4	130.4	1369.6	949.6	21	3
58	4	1	0.988431	550.4	130.4	1369.6	949.6	25	3
59	6	0	7.978994	550.4	130.4	1369.6	949.6	52	3
60	5	1	15.86407	550.4	130.4	1369.6	949.6	37	3
61	3	1	1.783952	550.4	130.4	1369.6	949.6	64	3
62	4	1	1.596117	550.4	130.4	1369.6	949.6	31	3
63	2	1	1.568412	550.4	130.4	1369.6	949.6	49	3
64	4	1	4.580314	550.4	130.4	1369.6	949.6	27	3
65	3	1	19.26908	550.4	130.4	1369.6	949.6	61	3
66	5	1	2.64509	550.4	130.4	1369.6	949.6	88	3
67	3	0	3.384958	550.4	130.4	1369.6	949.6	50	3
68	6	0	28.64806	550.4	130.4	1369.6	949.6	87	3
69	4	1	1.180204	550.4	130.4	1369.6	949.6	26	3
70	6	1	3.110529	550.4	130.4	1369.6	949.6	43	3
71	4	0	1.830004	550.4	130.4	1369.6	949.6	94	3
72	6	0	1.758787	550.4	130.4	1369.6	949.6	19	3
73	6	1	13.25201	550.4	130.4	1369.6	949.6	44	3
74	3	1	3.568579	550.4	130.4	1369.6	949.6	15	3
75	4	1	1.173284	550.4	130.4	1369.6	949.6	73	3
76	2	1	1.418992	550.4	130.4	1369.6	949.6	1	3
77	6	0	7.626302	550.4	130.4	1369.6	949.6	36	3
78	2	0	2.870001	550.4	130.4	1369.6	949.6	82	3
79	1	1	10.55131	550.4	130.4	1369.6	949.6	71	3
80	1	1	11.7905	550.4	130.4	1369.6	949.6	23	3
81	NaN	NaN	43.11982	550.4	130.4	1369.6	949.6	65	3
82	2	1	5.433139	550.4	130.4	1369.6	949.6	2	3
83	6	0	2.390088	550.4	130.4	1369.6	949.6	4	3
84	1	1	1.513271	550.4	130.4	1369.6	949.6	18	3
85	5	1	11.05738	550.4	130.4	1369.6	949.6	85	3
86	4	1	1.143974	550.4	130.4	1369.6	949.6	75	3
87	4	0	1.938765	550.4	130.4	1369.6	949.6	24	3
88	6	1	15.64456	550.4	130.4	1369.6	949.6	95	3
89	5	1	2.497443	550.4	130.4	1369.6	949.6	39	3
90	3	1	2.055397	550.4	130.4	1369.6	949.6	13	3
91	2	0	3.067776	550.4	130.4	1369.6	949.6	9	3
92	1	1	7.053368	550.4	130.4	1369.6	949.6	66	3
93	6	0	4.3789	550.4	130.4	1369.6	949.6	20	3
94	2	0	5.306481	550.4	130.4	1369.6	949.6	57	3
95	3	1	23.69568	550.4	130.4	1369.6	949.6	10	3
96	5	0	14.04476	550.4	130.4	1369.6	949.6	12	3
1	6	1	16.39505	550.4	130.4	1369.6	949.6	48	2
2	NaN	NaN	13.01463	550.4	130.4	1369.6	949.6	72	2
3	NaN	NaN	25.53237	550.4	130.4	1369.6	949.6	95	2
4	1	1	5.384137	550.4	130.4	1369.6	949.6	66	2
5	3	1	2.317739	550.4	130.4	1369.6	949.6	11	2
6	3	0	1.268598	550.4	130.4	1369.6	949.6	50	2
7	4	1	1.217437	550.4	130.4	1369.6	949.6	74	2
8	6	0	11.19987	550.4	130.4	1369.6	949.6	13	2
9	2	1	3.596818	550.4	130.4	1369.6	949.6	8	2
10	NaN	NaN	5.941116	550.4	130.4	1369.6	949.6	63	2
11	6	0	4.47574	550.4	130.4	1369.6	949.6	56	2
12	4	1	9.466821	550.4	130.4	1369.6	949.6	75	2
13	4	0	12.00724	550.4	130.4	1369.6	949.6	70	2
14	4	1	1.551263	550.4	130.4	1369.6	949.6	32	2
15	3	0	3.254078	550.4	130.4	1369.6	949.6	3	2
16	3	1	2.014985	550.4	130.4	1369.6	949.6	64	2
17	6	0	7.661167	550.4	130.4	1369.6	949.6	17	2
18	6	0	7.246164	550.4	130.4	1369.6	949.6	60	2
19	1	1	5.22979	550.4	130.4	1369.6	949.6	19	2
20	2	1	5.217272	550.4	130.4	1369.6	949.6	53	2
21	4	0	2.737337	550.4	130.4	1369.6	949.6	91	2
22	4	0	2.336039	550.4	130.4	1369.6	949.6	45	2
23	4	1	1.710204	550.4	130.4	1369.6	949.6	76	2
24	3	0	4.442564	550.4	130.4	1369.6	949.6	85	2
25	1	0	7.665291	550.4	130.4	1369.6	949.6	35	2
26	4	1	1.884884	550.4	130.4	1369.6	949.6	25	2
27	6	0	3.789555	550.4	130.4	1369.6	949.6	4	2
28	2	1	3.057984	550.4	130.4	1369.6	949.6	2	2
29	2	0	2.161036	550.4	130.4	1369.6	949.6	14	2
30	3	1	2.04228	550.4	130.4	1369.6	949.6	16	2
31	3	0	4.370932	550.4	130.4	1369.6	949.6	5	2
32	3	1	3.636733	550.4	130.4	1369.6	949.6	15	2
33	NaN	NaN	12.11112	550.4	130.4	1369.6	949.6	24	2
34	6	1	6.143212	550.4	130.4	1369.6	949.6	43	2
35	6	0	4.448854	550.4	130.4	1369.6	949.6	21	2
36	4	0	11.45247	550.4	130.4	1369.6	949.6	23	2
37	4	1	1.281685	550.4	130.4	1369.6	949.6	79	2
38	6	0	4.762641	550.4	130.4	1369.6	949.6	20	2
39	NaN	NaN	10.35198	550.4	130.4	1369.6	949.6	38	2
40	2	1	4.077995	550.4	130.4	1369.6	949.6	6	2
41	4	1	1.702536	550.4	130.4	1369.6	949.6	27	2
42	1	0	8.409097	550.4	130.4	1369.6	949.6	61	2
43	4	1	1.790889	550.4	130.4	1369.6	949.6	80	2
44	6	0	2.734128	550.4	130.4	1369.6	949.6	37	2
45	4	1	1.234403	550.4	130.4	1369.6	949.6	30	2
46	4	1	1.039859	550.4	130.4	1369.6	949.6	26	2
47	5	1	1.917504	550.4	130.4	1369.6	949.6	86	2
48	NaN	NaN	17.98766	550.4	130.4	1369.6	949.6	36	2
49	4	0	2.411961	550.4	130.4	1369.6	949.6	46	2
50	4	0	2.190342	550.4	130.4	1369.6	949.6	92	2
51	6	0	3.252989	550.4	130.4	1369.6	949.6	84	2
52	2	1	1.349765	550.4	130.4	1369.6	949.6	51	2
53	1	1	2.282689	550.4	130.4	1369.6	949.6	68	2
54	1	1	1.049615	550.4	130.4	1369.6	949.6	18	2
55	4	1	1.657844	550.4	130.4	1369.6	949.6	29	2
56	4	0	1.222476	550.4	130.4	1369.6	949.6	42	2
57	4	0	1.303708	550.4	130.4	1369.6	949.6	94	2
58	3	1	1.621857	550.4	130.4	1369.6	949.6	59	2
59	2	0	3.092725	550.4	130.4	1369.6	949.6	9	2
60	3	0	2.574069	550.4	130.4	1369.6	949.6	39	2
61	NaN	NaN	3.329543	550.4	130.4	1369.6	949.6	67	2
62	4	0	2.866122	550.4	130.4	1369.6	949.6	44	2
63	2	1	1.802903	550.4	130.4	1369.6	949.6	54	2
64	4	1	1.356661	550.4	130.4	1369.6	949.6	77	2
65	2	0	2.071423	550.4	130.4	1369.6	949.6	57	2
66	2	0	1.754531	550.4	130.4	1369.6	949.6	81	2
67	2	0	6.271691	550.4	130.4	1369.6	949.6	34	2
68	5	0	2.489446	550.4	130.4	1369.6	949.6	12	2
69	NaN	NaN	11.24721	550.4	130.4	1369.6	949.6	22	2
70	1	0	10.27972	550.4	130.4	1369.6	949.6	41	2
71	4	1	3.595511	550.4	130.4	1369.6	949.6	78	2
72	5	1	1.455258	550.4	130.4	1369.6	949.6	40	2
73	6	1	1.851607	550.4	130.4	1369.6	949.6	93	2
74	1	0	1.93582	550.4	130.4	1369.6	949.6	47	2
75	5	1	2.462423	550.4	130.4	1369.6	949.6	83	2
76	5	1	2.43663	550.4	130.4	1369.6	949.6	88	2
77	2	0	6.131175	550.4	130.4	1369.6	949.6	62	2
78	6	0	5.861201	550.4	130.4	1369.6	949.6	87	2
79	NaN	NaN	4.001231	550.4	130.4	1369.6	949.6	7	2
80	6	0	5.062146	550.4	130.4	1369.6	949.6	71	2
81	5	1	2.08638	550.4	130.4	1369.6	949.6	82	2
82	4	0	2.964837	550.4	130.4	1369.6	949.6	96	2
83	4	1	1.674665	550.4	130.4	1369.6	949.6	73	2
84	NaN	NaN	6.497712	550.4	130.4	1369.6	949.6	69	2
85	3	1	13.5767	550.4	130.4	1369.6	949.6	10	2
86	2	1	3.153135	550.4	130.4	1369.6	949.6	1	2
87	5	1	5.318572	550.4	130.4	1369.6	949.6	33	2
88	4	0	1.038456	550.4	130.4	1369.6	949.6	90	2
89	4	0	2.206585	550.4	130.4	1369.6	949.6	89	2
90	4	1	1.255993	550.4	130.4	1369.6	949.6	31	2
91	NaN	NaN	6.979505	550.4	130.4	1369.6	949.6	65	2
92	4	1	3.61035	550.4	130.4	1369.6	949.6	28	2
93	2	1	5.945201	550.4	130.4	1369.6	949.6	49	2
94	6	0	8.513038	550.4	130.4	1369.6	949.6	55	2
95	3	1	5.54785	550.4	130.4	1369.6	949.6	58	2
96	6	0	8.783391	550.4	130.4	1369.6	949.6	52	2
