1	4	1	2.396055	340.5176	70.51765	1099.482	829.4824	32	3
2	5	1	1.372458	340.5176	70.51765	1099.482	829.4824	40	3
3	3	0	1.978949	340.5176	70.51765	1099.482	829.4824	22	3
4	2	0	1.58032	340.5176	70.51765	1099.482	829.4824	34	3
5	4	0	1.178748	340.5176	70.51765	1099.482	829.4824	92	3
6	4	0	2.230286	340.5176	70.51765	1099.482	829.4824	91	3
7	5	1	1.434444	340.5176	70.51765	1099.482	829.4824	35	3
8	2	1	1.211159	340.5176	70.51765	1099.482	829.4824	6	3
9	2	1	0.7922172	340.5176	70.51765	1099.482	829.4824	55	3
10	2	1	0.1840533	340.5176	70.51765	1099.482	829.4824	3	3
11	1	0	1.963367	340.5176	70.51765	1099.482	829.4824	96	3
12	1	1	0.70983	340.5176	70.51765	1099.482	829.4824	68	3
13	3	1	0.8023988	340.5176	70.51765	1099.482	829.4824	16	3
14	1	1	3.701421	340.5176	70.51765	1099.482	829.4824	69	3
15	3	1	0.5832663	340.5176	70.51765	1099.482	829.4824	11	3
16	5	0	1.076986	340.5176	70.51765	1099.482	829.4824	54	3
17	4	1	0.4780373	340.5176	70.51765	1099.482	829.4824	30	3
18	6	1	2.038462	340.5176	70.51765	1099.482	829.4824	45	3
19	4	1	0.9695704	340.5176	70.51765	1099.482	829.4824	77	3
20	3	1	0.6773903	340.5176	70.51765	1099.482	829.4824	60	3
21	4	1	0.2370281	340.5176	70.51765	1099.482	829.4824	74	3
22	4	1	0.4752149	340.5176	70.51765	1099.482	829.4824	78	3
23	1	1	3.93082	340.5176	70.51765	1099.482	829.4824	72	3
24	3	1	1.225915	340.5176	70.51765	1099.482	829.4824	62	3
25	5	0	2.884205	340.5176	70.51765	1099.482	829.4824	70	3
26	2	1	0.9542281	340.5176	70.51765	1099.482	829.4824	51	3
27	5	1	4.397043	340.5176	70.51765	1099.482	829.4824	33	3
28	2	1	1.837064	340.5176	70.51765	1099.482	829.4824	7	3
29	5	1	1.216524	340.5176	70.51765	1099.482	829.4824	86	3
30	5	1	0.6352423	340.5176	70.51765	1099.482	829.4824	38	3
31	3	1	0.6025994	340.5176	70.51765	1099.482	829.4824	58	3
32	4	1	2.599575	340.5176	70.51765	1099.482	829.4824	76	3
33	5	1	3.876003	340.5176	70.51765	1099.482	829.4824	81	3
34	6	1	0.8174169	340.5176	70.51765	1099.482	829.4824	89	3
35	6	1	0.1033884	340.5176	70.51765	1099.482	829.4824	42	3
36	4	1	0.4571137	340.5176	70.51765	1099.482	829.4824	28	3
37	5	0	5.042215	340.5176	70.51765	1099.482	829.4824	17	3
38	6	1	4.473759	340.5176	70.51765	1099.482	829.4824	41	3
39	6	1	0.3474513	340.5176	70.51765	1099.482	829.4824	47	3
40	4	1	0.2820272	340.5176	70.51765	1099.482	829.4824	80	3
41	3	1	1.583626	340.5176	70.51765	1099.482	829.4824	14	3
42	6	1	1.004816	340.5176	70.51765	1099.482	829.4824	46	3
43	3	0	2.888752	340.5176	70.51765	1099.482	829.4824	56	3
44	3	1	0.391058	340.5176	70.51765	1099.482	829.4824	63	3
45	6	1	1.276171	340.5176	70.51765	1099.482	829.4824	93	3
46	5	0	0.8845484	340.5176	70.51765	1099.482	829.4824	8	3
47	1	1	1.073121	340.5176	70.51765	1099.482	829.4824	67	3
48	1	0	2.033518	340.5176	70.51765	1099.482	829.4824	84	3
49	6	1	2.285191	340.5176	70.51765	1099.482	829.4824	90	3
50	5	1	0.7608715	340.5176	70.51765	1099.482	829.4824	83	3
51	3	1	0.1083245	340.5176	70.51765	1099.482	829.4824	59	3
52	4	1	0.5516955	340.5176	70.51765	1099.482	829.4824	79	3
53	2	1	1.451595	340.5176	70.51765	1099.482	829.4824	5	3
54	6	1	0.744279	340.5176	70.51765	1099.482	829.4824	48	3
55	5	0	2.105968	340.5176	70.51765	1099.482	829.4824	53	3
56	4	1	0.2060354	340.5176	70.51765	1099.482	829.4824	29	3
57	6	0	0.561226	340.5176	70.51765	1099.482	829.4824	21	3
58	4	1	0.09674313	340.5176	70.51765	1099.482	829.4824	25	3
59	1	0	1.895927	340.5176	70.51765	1099.482	829.4824	52	3
60	5	1	0.6276215	340.5176	70.51765	1099.482	829.4824	37	3
61	3	1	0.04952577	340.5176	70.51765	1099.482	829.4824	64	3
62	6	0	1.114905	340.5176	70.51765	1099.482	829.4824	31	3
63	2	1	0.41745	340.5176	70.51765	1099.482	829.4824	49	3
64	4	1	0.2134148	340.5176	70.51765	1099.482	829.4824	27	3
65	3	1	0.493467	340.5176	70.51765	1099.482	829.4824	61	3
66	5	1	0.5756905	340.5176	70.51765	1099.482	829.4824	88	3
67	2	1	0.7718793	340.5176	70.51765	1099.482	829.4824	50	3
68	5	1	0.7985317	340.5176	70.51765	1099.482	829.4824	87	3
69	4	1	0.5809642	340.5176	70.51765	1099.482	829.4824	26	3
70	6	1	0.8764596	340.5176	70.51765	1099.482	829.4824	43	3
71	6	1	0.8085049	340.5176	70.51765	1099.482	829.4824	94	3
72	6	0	0.7309407	340.5176	70.51765	1099.482	829.4824	19	3
73	6	1	0.8699871	340.5176	70.51765	1099.482	829.4824	44	3
74	3	1	0.083629	340.5176	70.51765	1099.482	829.4824	15	3
75	4	1	0.2474729	340.5176	70.51765	1099.482	829.4824	73	3
76	2	1	0.2013764	340.5176	70.51765	1099.482	829.4824	1	3
77	1	0	0.634311	340.5176	70.51765	1099.482	829.4824	36	3
78	5	1	1.175459	340.5176	70.51765	1099.482	829.4824	82	3
79	6	0	0.6788728	340.5176	70.51765	1099.482	829.4824	71	3
80	6	0	0.3127743	340.5176	70.51765	1099.482	829.4824	23	3
81	6	0	2.014486	340.5176	70.51765	1099.482	829.4824	65	3
82	2	1	0.6957021	340.5176	70.51765	1099.482	829.4824	2	3
83	2	1	0.8103021	340.5176	70.51765	1099.482	829.4824	4	3
84	6	0	2.116492	340.5176	70.51765	1099.482	829.4824	18	3
85	5	1	1.642293	340.5176	70.51765	1099.482	829.4824	85	3
86	4	1	0.01095933	340.5176	70.51765	1099.482	829.4824	75	3
87	1	1	1.14817	340.5176	70.51765	1099.482	829.4824	24	3
88	4	0	0.5857986	340.5176	70.51765	1099.482	829.4824	95	3
89	5	1	0.753163	340.5176	70.51765	1099.482	829.4824	39	3
90	3	1	1.165374	340.5176	70.51765	1099.482	829.4824	13	3
91	3	1	0.7700067	340.5176	70.51765	1099.482	829.4824	9	3
92	1	1	1.392262	340.5176	70.51765	1099.482	829.4824	66	3
93	1	1	0.5881643	340.5176	70.51765	1099.482	829.4824	20	3
94	3	1	0.8855546	340.5176	70.51765	1099.482	829.4824	57	3
95	3	1	0.4700594	340.5176	70.51765	1099.482	829.4824	10	3
96	5	0	1.588633	340.5176	70.51765	1099.482	829.4824	12	3
1	2	1	2.044544	340.5176	70.51765	1099.482	829.4824	4	1
2	4	0	0.5164434	340.5176	70.51765	1099.482	829.4824	95	1
3	3	1	0.3782963	340.5176	70.51765	1099.482	829.4824	57	1
4	5	0	0.6086005	340.5176	70.51765	1099.482	829.4824	53	1
5	1	0	1.243084	340.5176	70.51765	1099.482	829.4824	35	1
6	4	1	0.5938571	340.5176	70.51765	1099.482	829.4824	27	1
7	3	1	0.5657642	340.5176	70.51765	1099.482	829.4824	58	1
8	3	0	0.6193278	340.5176	70.51765	1099.482	829.4824	54	1
9	5	1	0.9355727	340.5176	70.51765	1099.482	829.4824	39	1
10	3	1	0.7051676	340.5176	70.51765	1099.482	829.4824	64	1
11	4	0	0.7329358	340.5176	70.51765	1099.482	829.4824	92	1
12	4	1	0.7145477	340.5176	70.51765	1099.482	829.4824	76	1
13	5	1	0.4288317	340.5176	70.51765	1099.482	829.4824	86	1
14	6	0	0.4779305	340.5176	70.51765	1099.482	829.4824	19	1
15	6	0	0.5621366	340.5176	70.51765	1099.482	829.4824	31	1
16	6	1	0.4585154	340.5176	70.51765	1099.482	829.4824	42	1
17	2	1	1.195035	340.5176	70.51765	1099.482	829.4824	5	1
18	1	0	1.005427	340.5176	70.51765	1099.482	829.4824	46	1
19	5	1	2.104992	340.5176	70.51765	1099.482	829.4824	87	1
20	6	1	1.733516	340.5176	70.51765	1099.482	829.4824	94	1
21	6	1	0.6756505	340.5176	70.51765	1099.482	829.4824	47	1
22	6	1	0.6666438	340.5176	70.51765	1099.482	829.4824	89	1
23	3	1	0.9817072	340.5176	70.51765	1099.482	829.4824	13	1
24	4	1	0.6780745	340.5176	70.51765	1099.482	829.4824	75	1
25	6	0	0.4654888	340.5176	70.51765	1099.482	829.4824	67	1
26	4	1	0.5962482	340.5176	70.51765	1099.482	829.4824	73	1
27	6	1	0.6983393	340.5176	70.51765	1099.482	829.4824	96	1
28	3	1	1.305355	340.5176	70.51765	1099.482	829.4824	15	1
29	3	1	0.8890957	340.5176	70.51765	1099.482	829.4824	16	1
30	3	0	0.7612973	340.5176	70.51765	1099.482	829.4824	82	1
31	6	0	1.783992	340.5176	70.51765	1099.482	829.4824	21	1
32	4	1	0.4186855	340.5176	70.51765	1099.482	829.4824	78	1
33	4	1	0.8478823	340.5176	70.51765	1099.482	829.4824	29	1
34	1	1	2.536186	340.5176	70.51765	1099.482	829.4824	24	1
35	6	0	0.8775555	340.5176	70.51765	1099.482	829.4824	70	1
36	1	0	0.8012901	340.5176	70.51765	1099.482	829.4824	84	1
37	6	1	0.6595894	340.5176	70.51765	1099.482	829.4824	91	1
38	3	1	0.9374377	340.5176	70.51765	1099.482	829.4824	14	1
39	2	1	0.4965141	340.5176	70.51765	1099.482	829.4824	3	1
40	1	1	1.665135	340.5176	70.51765	1099.482	829.4824	72	1
41	6	1	0.4189639	340.5176	70.51765	1099.482	829.4824	48	1
42	5	1	1.340559	340.5176	70.51765	1099.482	829.4824	38	1
43	3	1	1.351502	340.5176	70.51765	1099.482	829.4824	10	1
44	5	1	2.242348	340.5176	70.51765	1099.482	829.4824	85	1
45	5	0	0.8511875	340.5176	70.51765	1099.482	829.4824	8	1
46	3	1	0.6655035	340.5176	70.51765	1099.482	829.4824	59	1
47	3	1	0.6825879	340.5176	70.51765	1099.482	829.4824	11	1
48	6	0	0.5145826	340.5176	70.51765	1099.482	829.4824	71	1
49	5	0	4.843589	340.5176	70.51765	1099.482	829.4824	2	1
50	5	1	0.5905377	340.5176	70.51765	1099.482	829.4824	34	1
51	1	0	1.175336	340.5176	70.51765	1099.482	829.4824	7	1
52	6	1	0.6092873	340.5176	70.51765	1099.482	829.4824	90	1
53	2	1	0.837734	340.5176	70.51765	1099.482	829.4824	49	1
54	4	1	0.5568065	340.5176	70.51765	1099.482	829.4824	74	1
55	5	1	4.637603	340.5176	70.51765	1099.482	829.4824	37	1
56	4	1	1.012057	340.5176	70.51765	1099.482	829.4824	32	1
57	3	1	1.055007	340.5176	70.51765	1099.482	829.4824	62	1
58	4	1	0.9650556	340.5176	70.51765	1099.482	829.4824	80	1
59	1	1	1.646718	340.5176	70.51765	1099.482	829.4824	65	1
60	4	1	0.1895265	340.5176	70.51765	1099.482	829.4824	25	1
61	5	1	0.4418178	340.5176	70.51765	1099.482	829.4824	81	1
62	6	0	0.3601903	340.5176	70.51765	1099.482	829.4824	23	1
63	3	1	0.6642356	340.5176	70.51765	1099.482	829.4824	63	1
64	1	0	0.8234409	340.5176	70.51765	1099.482	829.4824	36	1
65	4	1	0.571641	340.5176	70.51765	1099.482	829.4824	26	1
66	5	0	0.5895053	340.5176	70.51765	1099.482	829.4824	6	1
67	6	1	1.000108	340.5176	70.51765	1099.482	829.4824	45	1
68	5	1	1.621655	340.5176	70.51765	1099.482	829.4824	88	1
69	2	1	0.4154058	340.5176	70.51765	1099.482	829.4824	51	1
70	6	1	0.283921	340.5176	70.51765	1099.482	829.4824	41	1
71	4	1	0.5351747	340.5176	70.51765	1099.482	829.4824	30	1
72	3	1	1.835622	340.5176	70.51765	1099.482	829.4824	9	1
73	3	1	0.7931658	340.5176	70.51765	1099.482	829.4824	61	1
74	4	1	0.3654988	340.5176	70.51765	1099.482	829.4824	28	1
75	4	0	0.8698844	340.5176	70.51765	1099.482	829.4824	44	1
76	5	0	0.448519	340.5176	70.51765	1099.482	829.4824	56	1
77	6	1	0.4638407	340.5176	70.51765	1099.482	829.4824	43	1
78	4	1	0.920751	340.5176	70.51765	1099.482	829.4824	77	1
79	1	0	2.030977	340.5176	70.51765	1099.482	829.4824	83	1
80	6	0	0.7724499	340.5176	70.51765	1099.482	829.4824	17	1
81	1	1	1.148996	340.5176	70.51765	1099.482	829.4824	66	1
82	1	1	0.969904	340.5176	70.51765	1099.482	829.4824	22	1
83	5	0	0.8799615	340.5176	70.51765	1099.482	829.4824	60	1
84	4	1	0.6700362	340.5176	70.51765	1099.482	829.4824	79	1
85	1	0	2.941133	340.5176	70.51765	1099.482	829.4824	55	1
86	1	0	0.9599826	340.5176	70.51765	1099.482	829.4824	52	1
87	1	1	0.7720967	340.5176	70.51765	1099.482	829.4824	20	1
88	6	0	0.8950757	340.5176	70.51765	1099.482	829.4824	69	1
89	1	1	0.9532508	340.5176	70.51765	1099.482	829.4824	68	1
90	2	1	0.7232024	340.5176	70.51765	1099.482	829.4824	1	1
91	2	1	0.4285072	340.5176	70.51765	1099.482	829.4824	50	1
92	5	1	1.679014	340.5176	70.51765	1099.482	829.4824	40	1
93	6	1	0.7323259	340.5176	70.51765	1099.482	829.4824	93	1
94	5	0	0.8763786	340.5176	70.51765	1099.482	829.4824	12	1
95	5	1	0.5011496	340.5176	70.51765	1099.482	829.4824	33	1
96	1	1	0.7149219	340.5176	70.51765	1099.482	829.4824	18	1
1	2	0	1.644588	340.5176	70.51765	1099.482	829.4824	57	2
2	4	0	5.110319	340.5176	70.51765	1099.482	829.4824	70	2
3	4	1	0.4429553	340.5176	70.51765	1099.482	829.4824	30	2
4	1	1	0.7784472	340.5176	70.51765	1099.482	829.4824	66	2
5	2	1	1.585131	340.5176	70.51765	1099.482	829.4824	53	2
6	6	1	1.033003	340.5176	70.51765	1099.482	829.4824	45	2
7	5	1	0.579607	340.5176	70.51765	1099.482	829.4824	40	2
8	1	0	1.110095	340.5176	70.51765	1099.482	829.4824	52	2
9	6	0	0.8185728	340.5176	70.51765	1099.482	829.4824	71	2
10	4	0	0.7687646	340.5176	70.51765	1099.482	829.4824	90	2
11	3	1	0.8305318	340.5176	70.51765	1099.482	829.4824	10	2
12	1	0	1.797322	340.5176	70.51765	1099.482	829.4824	62	2
13	2	1	0.7077681	340.5176	70.51765	1099.482	829.4824	6	2
14	4	0	0.6459995	340.5176	70.51765	1099.482	829.4824	42	2
15	3	1	0.7110812	340.5176	70.51765	1099.482	829.4824	58	2
16	3	1	1.364024	340.5176	70.51765	1099.482	829.4824	16	2
17	5	1	0.4791799	340.5176	70.51765	1099.482	829.4824	38	2
18	2	1	0.7090776	340.5176	70.51765	1099.482	829.4824	51	2
19	6	1	0.6205403	340.5176	70.51765	1099.482	829.4824	43	2
20	5	1	4.767318	340.5176	70.51765	1099.482	829.4824	85	2
21	5	1	0.4493819	340.5176	70.51765	1099.482	829.4824	82	2
22	1	1	1.194162	340.5176	70.51765	1099.482	829.4824	24	2
23	5	1	1.071446	340.5176	70.51765	1099.482	829.4824	33	2
24	5	1	0.8513123	340.5176	70.51765	1099.482	829.4824	87	2
25	5	0	1.602065	340.5176	70.51765	1099.482	829.4824	12	2
26	3	1	3.068249	340.5176	70.51765	1099.482	829.4824	14	2
27	5	0	1.520407	340.5176	70.51765	1099.482	829.4824	60	2
28	2	1	0.4845468	340.5176	70.51765	1099.482	829.4824	54	2
29	5	1	0.7357845	340.5176	70.51765	1099.482	829.4824	86	2
30	1	0	1.344886	340.5176	70.51765	1099.482	829.4824	83	2
31	2	1	0.8128631	340.5176	70.51765	1099.482	829.4824	3	2
32	6	1	0.6624967	340.5176	70.51765	1099.482	829.4824	91	2
33	4	1	1.01211	340.5176	70.51765	1099.482	829.4824	31	2
34	1	1	1.759312	340.5176	70.51765	1099.482	829.4824	72	2
35	1	0	1.019093	340.5176	70.51765	1099.482	829.4824	39	2
36	6	1	1.342196	340.5176	70.51765	1099.482	829.4824	94	2
37	4	1	0.889861	340.5176	70.51765	1099.482	829.4824	74	2
38	1	0	0.8998323	340.5176	70.51765	1099.482	829.4824	84	2
39	1	0	0.7120401	340.5176	70.51765	1099.482	829.4824	36	2
40	4	1	1.446167	340.5176	70.51765	1099.482	829.4824	29	2
41	3	1	0.4318052	340.5176	70.51765	1099.482	829.4824	64	2
42	4	1	1.662693	340.5176	70.51765	1099.482	829.4824	28	2
43	4	1	0.7432675	340.5176	70.51765	1099.482	829.4824	73	2
44	3	1	2.769601	340.5176	70.51765	1099.482	829.4824	13	2
45	1	1	1.148062	340.5176	70.51765	1099.482	829.4824	22	2
46	6	0	0.9250129	340.5176	70.51765	1099.482	829.4824	23	2
47	1	1	0.893694	340.5176	70.51765	1099.482	829.4824	18	2
48	5	1	0.368286	340.5176	70.51765	1099.482	829.4824	81	2
49	6	1	0.693106	340.5176	70.51765	1099.482	829.4824	93	2
50	6	0	0.8314581	340.5176	70.51765	1099.482	829.4824	17	2
51	4	1	0.3578354	340.5176	70.51765	1099.482	829.4824	76	2
52	6	1	0.7978048	340.5176	70.51765	1099.482	829.4824	95	2
53	6	1	1.478851	340.5176	70.51765	1099.482	829.4824	48	2
54	1	1	1.991703	340.5176	70.51765	1099.482	829.4824	69	2
55	4	1	0.5165781	340.5176	70.51765	1099.482	829.4824	77	2
56	5	0	0.8670882	340.5176	70.51765	1099.482	829.4824	7	2
57	4	1	0.9632639	340.5176	70.51765	1099.482	829.4824	32	2
58	3	1	2.580524	340.5176	70.51765	1099.482	829.4824	61	2
59	4	1	0.7842354	340.5176	70.51765	1099.482	829.4824	27	2
60	6	0	0.7315904	340.5176	70.51765	1099.482	829.4824	19	2
61	5	0	2.11942	340.5176	70.51765	1099.482	829.4824	4	2
62	5	1	0.4112518	340.5176	70.51765	1099.482	829.4824	35	2
63	6	1	0.6589547	340.5176	70.51765	1099.482	829.4824	89	2
64	4	1	0.5934174	340.5176	70.51765	1099.482	829.4824	78	2
65	4	0	1.18977	340.5176	70.51765	1099.482	829.4824	92	2
66	2	1	0.4300007	340.5176	70.51765	1099.482	829.4824	2	2
67	5	1	0.5366965	340.5176	70.51765	1099.482	829.4824	88	2
68	6	0	0.723132	340.5176	70.51765	1099.482	829.4824	21	2
69	2	1	0.7593061	340.5176	70.51765	1099.482	829.4824	50	2
70	1	1	3.692002	340.5176	70.51765	1099.482	829.4824	65	2
71	6	1	0.5000096	340.5176	70.51765	1099.482	829.4824	96	2
72	4	1	0.7109607	340.5176	70.51765	1099.482	829.4824	26	2
73	6	1	1.595532	340.5176	70.51765	1099.482	829.4824	46	2
74	6	0	1.097775	340.5176	70.51765	1099.482	829.4824	67	2
75	5	0	0.9573297	340.5176	70.51765	1099.482	829.4824	55	2
76	1	1	1.340664	340.5176	70.51765	1099.482	829.4824	68	2
77	6	1	1.450674	340.5176	70.51765	1099.482	829.4824	41	2
78	5	1	0.8135265	340.5176	70.51765	1099.482	829.4824	34	2
79	4	1	0.615519	340.5176	70.51765	1099.482	829.4824	79	2
80	5	1	1.855733	340.5176	70.51765	1099.482	829.4824	37	2
81	2	1	0.5085616	340.5176	70.51765	1099.482	829.4824	1	2
82	6	1	1.142582	340.5176	70.51765	1099.482	829.4824	44	2
83	2	1	0.5622684	340.5176	70.51765	1099.482	829.4824	56	2
84	2	0	1.231475	340.5176	70.51765	1099.482	829.4824	9	2
85	4	0	0.4108606	340.5176	70.51765	1099.482	829.4824	15	2
86	3	1	3.175289	340.5176	70.51765	1099.482	829.4824	63	2
87	3	1	0.8245934	340.5176	70.51765	1099.482	829.4824	11	2
88	4	1	1.176732	340.5176	70.51765	1099.482	829.4824	80	2
89	2	1	0.5515086	340.5176	70.51765	1099.482	829.4824	49	2
90	1	1	0.6735882	340.5176	70.51765	1099.482	829.4824	20	2
91	4	1	0.5855356	340.5176	70.51765	1099.482	829.4824	25	2
92	5	0	2.783428	340.5176	70.51765	1099.482	829.4824	5	2
93	6	1	0.9794299	340.5176	70.51765	1099.482	829.4824	47	2
94	4	1	0.5559649	340.5176	70.51765	1099.482	829.4824	75	2
95	2	0	1.951708	340.5176	70.51765	1099.482	829.4824	59	2
96	5	0	1.528984	340.5176	70.51765	1099.482	829.4824	8	2
