1	4	1	3.411598	260.5176	20.51765	1019.482	779.4824	32	1
2	2	0	2.084677	260.5176	20.51765	1019.482	779.4824	40	1
3	6	0	1.333704	260.5176	20.51765	1019.482	779.4824	22	1
4	1	0	2.568638	260.5176	20.51765	1019.482	779.4824	34	1
5	6	1	1.031313	260.5176	20.51765	1019.482	779.4824	92	1
6	1	0	2.721833	260.5176	20.51765	1019.482	779.4824	91	1
7	3	0	1.585941	260.5176	20.51765	1019.482	779.4824	35	1
8	2	1	6.889816	260.5176	20.51765	1019.482	779.4824	6	1
9	NaN	NaN	2.692925	260.5176	20.51765	1019.482	779.4824	55	1
10	2	1	2.781495	260.5176	20.51765	1019.482	779.4824	3	1
11	6	1	1.552632	260.5176	20.51765	1019.482	779.4824	96	1
12	1	1	1.088333	260.5176	20.51765	1019.482	779.4824	68	1
13	3	1	1.978337	260.5176	20.51765	1019.482	779.4824	16	1
14	1	1	1.968857	260.5176	20.51765	1019.482	779.4824	69	1
15	3	1	4.12735	260.5176	20.51765	1019.482	779.4824	11	1
16	6	0	13.04604	260.5176	20.51765	1019.482	779.4824	54	1
17	4	1	1.237193	260.5176	20.51765	1019.482	779.4824	30	1
18	4	0	2.344441	260.5176	20.51765	1019.482	779.4824	45	1
19	4	1	1.062689	260.5176	20.51765	1019.482	779.4824	77	1
20	5	0	1.339106	260.5176	20.51765	1019.482	779.4824	60	1
21	4	1	5.189344	260.5176	20.51765	1019.482	779.4824	74	1
22	4	1	0.8202525	260.5176	20.51765	1019.482	779.4824	78	1
23	1	1	3.731745	260.5176	20.51765	1019.482	779.4824	72	1
24	3	1	1.829186	260.5176	20.51765	1019.482	779.4824	62	1
25	6	0	3.634743	260.5176	20.51765	1019.482	779.4824	70	1
26	2	1	4.99562	260.5176	20.51765	1019.482	779.4824	51	1
27	1	0	1.813537	260.5176	20.51765	1019.482	779.4824	33	1
28	NaN	NaN	6.057366	260.5176	20.51765	1019.482	779.4824	7	1
29	NaN	NaN	2.95243	260.5176	20.51765	1019.482	779.4824	86	1
30	5	1	1.230449	260.5176	20.51765	1019.482	779.4824	38	1
31	3	1	1.499651	260.5176	20.51765	1019.482	779.4824	58	1
32	3	0	3.24654	260.5176	20.51765	1019.482	779.4824	76	1
33	5	1	1.537285	260.5176	20.51765	1019.482	779.4824	81	1
34	6	1	2.949468	260.5176	20.51765	1019.482	779.4824	89	1
35	6	1	0.3734576	260.5176	20.51765	1019.482	779.4824	42	1
36	4	1	0.6120203	260.5176	20.51765	1019.482	779.4824	28	1
37	6	0	2.593675	260.5176	20.51765	1019.482	779.4824	17	1
38	1	0	0.9664695	260.5176	20.51765	1019.482	779.4824	41	1
39	4	0	0.8220437	260.5176	20.51765	1019.482	779.4824	47	1
40	NaN	NaN	2.100301	260.5176	20.51765	1019.482	779.4824	80	1
41	NaN	NaN	3.149609	260.5176	20.51765	1019.482	779.4824	14	1
42	6	1	1.389733	260.5176	20.51765	1019.482	779.4824	46	1
43	2	1	0.9856221	260.5176	20.51765	1019.482	779.4824	56	1
44	5	0	0.8396492	260.5176	20.51765	1019.482	779.4824	63	1
45	6	1	0.8351378	260.5176	20.51765	1019.482	779.4824	93	1
46	2	1	1.689459	260.5176	20.51765	1019.482	779.4824	8	1
47	6	0	0.7238772	260.5176	20.51765	1019.482	779.4824	67	1
48	NaN	NaN	1.500328	260.5176	20.51765	1019.482	779.4824	84	1
49	NaN	NaN	2.379789	260.5176	20.51765	1019.482	779.4824	90	1
50	2	0	1.616088	260.5176	20.51765	1019.482	779.4824	83	1
51	3	1	0.5429109	260.5176	20.51765	1019.482	779.4824	59	1
52	4	1	0.6201704	260.5176	20.51765	1019.482	779.4824	79	1
53	3	0	1.948558	260.5176	20.51765	1019.482	779.4824	5	1
54	1	0	0.8934334	260.5176	20.51765	1019.482	779.4824	48	1
55	NaN	NaN	1.213327	260.5176	20.51765	1019.482	779.4824	53	1
56	NaN	NaN	1.935022	260.5176	20.51765	1019.482	779.4824	29	1
57	6	0	1.54438	260.5176	20.51765	1019.482	779.4824	21	1
58	4	1	0.3847721	260.5176	20.51765	1019.482	779.4824	25	1
59	2	1	0.4869124	260.5176	20.51765	1019.482	779.4824	52	1
60	1	0	1.025599	260.5176	20.51765	1019.482	779.4824	37	1
61	3	1	1.294315	260.5176	20.51765	1019.482	779.4824	64	1
62	4	1	0.4960287	260.5176	20.51765	1019.482	779.4824	31	1
63	6	0	2.537204	260.5176	20.51765	1019.482	779.4824	49	1
64	NaN	NaN	1.138782	260.5176	20.51765	1019.482	779.4824	27	1
65	3	1	4.435265	260.5176	20.51765	1019.482	779.4824	61	1
66	1	0	1.920256	260.5176	20.51765	1019.482	779.4824	88	1
67	2	1	0.9301446	260.5176	20.51765	1019.482	779.4824	50	1
68	1	0	0.5941327	260.5176	20.51765	1019.482	779.4824	87	1
69	4	1	3.554619	260.5176	20.51765	1019.482	779.4824	26	1
70	6	1	0.9303859	260.5176	20.51765	1019.482	779.4824	43	1
71	4	0	2.746894	260.5176	20.51765	1019.482	779.4824	94	1
72	6	0	1.794403	260.5176	20.51765	1019.482	779.4824	19	1
73	6	1	2.232684	260.5176	20.51765	1019.482	779.4824	44	1
74	3	1	0.7870654	260.5176	20.51765	1019.482	779.4824	15	1
75	4	1	0.6508618	260.5176	20.51765	1019.482	779.4824	73	1
76	1	0	3.30808	260.5176	20.51765	1019.482	779.4824	1	1
77	NaN	NaN	3.245923	260.5176	20.51765	1019.482	779.4824	36	1
78	5	1	1.041795	260.5176	20.51765	1019.482	779.4824	82	1
79	6	0	0.7104808	260.5176	20.51765	1019.482	779.4824	71	1
80	NaN	NaN	6.153963	260.5176	20.51765	1019.482	779.4824	23	1
81	NaN	NaN	14.33286	260.5176	20.51765	1019.482	779.4824	65	1
82	2	1	2.854629	260.5176	20.51765	1019.482	779.4824	2	1
83	2	1	0.4749496	260.5176	20.51765	1019.482	779.4824	4	1
84	1	1	1.311779	260.5176	20.51765	1019.482	779.4824	18	1
85	NaN	NaN	16.96754	260.5176	20.51765	1019.482	779.4824	85	1
86	4	1	0.6140996	260.5176	20.51765	1019.482	779.4824	75	1
87	6	0	0.8517378	260.5176	20.51765	1019.482	779.4824	24	1
88	6	1	1.310939	260.5176	20.51765	1019.482	779.4824	95	1
89	5	1	0.4549011	260.5176	20.51765	1019.482	779.4824	39	1
90	3	1	1.523846	260.5176	20.51765	1019.482	779.4824	13	1
91	3	1	0.3136732	260.5176	20.51765	1019.482	779.4824	9	1
92	1	1	0.4682242	260.5176	20.51765	1019.482	779.4824	66	1
93	6	0	1.646608	260.5176	20.51765	1019.482	779.4824	20	1
94	3	1	0.386157	260.5176	20.51765	1019.482	779.4824	57	1
95	3	1	1.137417	260.5176	20.51765	1019.482	779.4824	10	1
96	3	1	0.8805671	260.5176	20.51765	1019.482	779.4824	12	1
1	NaN	NaN	5.334785	260.5176	20.51765	1019.482	779.4824	32	2
2	2	0	3.872844	260.5176	20.51765	1019.482	779.4824	40	2
3	6	0	0.5604114	260.5176	20.51765	1019.482	779.4824	22	2
4	1	0	0.5850967	260.5176	20.51765	1019.482	779.4824	34	2
5	6	1	0.9614278	260.5176	20.51765	1019.482	779.4824	92	2
6	6	1	0.7588476	260.5176	20.51765	1019.482	779.4824	91	2
7	3	0	0.821078	260.5176	20.51765	1019.482	779.4824	35	2
8	3	0	2.781978	260.5176	20.51765	1019.482	779.4824	6	2
9	NaN	NaN	1.51378	260.5176	20.51765	1019.482	779.4824	55	2
10	NaN	NaN	6.01579	260.5176	20.51765	1019.482	779.4824	3	2
11	6	1	0.4352825	260.5176	20.51765	1019.482	779.4824	96	2
12	1	1	0.5204399	260.5176	20.51765	1019.482	779.4824	68	2
13	NaN	NaN	1.504058	260.5176	20.51765	1019.482	779.4824	16	2
14	6	0	0.9302457	260.5176	20.51765	1019.482	779.4824	69	2
15	3	1	0.3444259	260.5176	20.51765	1019.482	779.4824	11	2
16	3	0	4.46657	260.5176	20.51765	1019.482	779.4824	54	2
17	4	1	0.000317888	260.5176	20.51765	1019.482	779.4824	30	2
18	6	1	2.50685	260.5176	20.51765	1019.482	779.4824	45	2
19	4	1	0.3007714	260.5176	20.51765	1019.482	779.4824	77	2
20	5	0	1.671866	260.5176	20.51765	1019.482	779.4824	60	2
21	4	1	1.810085	260.5176	20.51765	1019.482	779.4824	74	2
22	4	1	0.4169518	260.5176	20.51765	1019.482	779.4824	78	2
23	6	0	0.6304329	260.5176	20.51765	1019.482	779.4824	72	2
24	3	1	0.3455646	260.5176	20.51765	1019.482	779.4824	62	2
25	6	0	0.9225477	260.5176	20.51765	1019.482	779.4824	70	2
26	2	1	1.762452	260.5176	20.51765	1019.482	779.4824	51	2
27	1	0	1.53709	260.5176	20.51765	1019.482	779.4824	33	2
28	1	0	1.800422	260.5176	20.51765	1019.482	779.4824	7	2
29	3	0	9.15599	260.5176	20.51765	1019.482	779.4824	86	2
30	5	1	0.9192737	260.5176	20.51765	1019.482	779.4824	38	2
31	3	1	0.4170877	260.5176	20.51765	1019.482	779.4824	58	2
32	4	1	0.6954902	260.5176	20.51765	1019.482	779.4824	76	2
33	5	1	0.6028248	260.5176	20.51765	1019.482	779.4824	81	2
34	6	1	0.9270228	260.5176	20.51765	1019.482	779.4824	89	2
35	6	1	0.5602163	260.5176	20.51765	1019.482	779.4824	42	2
36	4	1	0.2461081	260.5176	20.51765	1019.482	779.4824	28	2
37	1	1	0.953336	260.5176	20.51765	1019.482	779.4824	17	2
38	1	0	1.369406	260.5176	20.51765	1019.482	779.4824	41	2
39	4	0	1.832114	260.5176	20.51765	1019.482	779.4824	47	2
40	4	1	0.8994864	260.5176	20.51765	1019.482	779.4824	80	2
41	3	1	2.761053	260.5176	20.51765	1019.482	779.4824	14	2
42	6	1	1.27015	260.5176	20.51765	1019.482	779.4824	46	2
43	2	1	0.2891384	260.5176	20.51765	1019.482	779.4824	56	2
44	5	0	0.6538725	260.5176	20.51765	1019.482	779.4824	63	2
45	6	1	1.082111	260.5176	20.51765	1019.482	779.4824	93	2
46	2	1	2.677236	260.5176	20.51765	1019.482	779.4824	8	2
47	6	0	0.2158638	260.5176	20.51765	1019.482	779.4824	67	2
48	5	1	0.2286978	260.5176	20.51765	1019.482	779.4824	84	2
49	6	1	0.6270628	260.5176	20.51765	1019.482	779.4824	90	2
50	2	0	3.315505	260.5176	20.51765	1019.482	779.4824	83	2
51	3	1	0.2522803	260.5176	20.51765	1019.482	779.4824	59	2
52	4	1	0.1105191	260.5176	20.51765	1019.482	779.4824	79	2
53	3	0	2.250321	260.5176	20.51765	1019.482	779.4824	5	2
54	6	1	0.3350085	260.5176	20.51765	1019.482	779.4824	48	2
55	NaN	NaN	1.31825	260.5176	20.51765	1019.482	779.4824	53	2
56	4	1	0.3049151	260.5176	20.51765	1019.482	779.4824	29	2
57	6	0	0.6406896	260.5176	20.51765	1019.482	779.4824	21	2
58	4	1	0.4710516	260.5176	20.51765	1019.482	779.4824	25	2
59	2	1	0.1695684	260.5176	20.51765	1019.482	779.4824	52	2
60	1	0	0.3198288	260.5176	20.51765	1019.482	779.4824	37	2
61	NaN	NaN	1.259509	260.5176	20.51765	1019.482	779.4824	64	2
62	4	1	0.000319525	260.5176	20.51765	1019.482	779.4824	31	2
63	NaN	NaN	1.966768	260.5176	20.51765	1019.482	779.4824	49	2
64	4	1	0.1889037	260.5176	20.51765	1019.482	779.4824	27	2
65	3	1	1.373082	260.5176	20.51765	1019.482	779.4824	61	2
66	2	0	0.8301881	260.5176	20.51765	1019.482	779.4824	88	2
67	2	1	0.03354453	260.5176	20.51765	1019.482	779.4824	50	2
68	1	0	0.3023954	260.5176	20.51765	1019.482	779.4824	87	2
69	4	1	0.02533305	260.5176	20.51765	1019.482	779.4824	26	2
70	6	1	0.1979866	260.5176	20.51765	1019.482	779.4824	43	2
71	6	1	0.2355908	260.5176	20.51765	1019.482	779.4824	94	2
72	6	0	0.2799364	260.5176	20.51765	1019.482	779.4824	19	2
73	6	1	0.4587936	260.5176	20.51765	1019.482	779.4824	44	2
74	3	1	2.438517	260.5176	20.51765	1019.482	779.4824	15	2
75	4	1	3.473371	260.5176	20.51765	1019.482	779.4824	73	2
76	5	0	0.9685334	260.5176	20.51765	1019.482	779.4824	1	2
77	3	0	0.862086	260.5176	20.51765	1019.482	779.4824	36	2
78	5	1	1.338641	260.5176	20.51765	1019.482	779.4824	82	2
79	6	0	0.4818248	260.5176	20.51765	1019.482	779.4824	71	2
80	6	0	0.158426	260.5176	20.51765	1019.482	779.4824	23	2
81	6	0	0.2206558	260.5176	20.51765	1019.482	779.4824	65	2
82	2	1	0.7473496	260.5176	20.51765	1019.482	779.4824	2	2
83	2	1	0.1400986	260.5176	20.51765	1019.482	779.4824	4	2
84	1	1	0.2265224	260.5176	20.51765	1019.482	779.4824	18	2
85	3	0	0.2393868	260.5176	20.51765	1019.482	779.4824	85	2
86	4	1	3.333379	260.5176	20.51765	1019.482	779.4824	75	2
87	6	0	0.2235482	260.5176	20.51765	1019.482	779.4824	24	2
88	6	1	0.2358302	260.5176	20.51765	1019.482	779.4824	95	2
89	5	1	0.7208521	260.5176	20.51765	1019.482	779.4824	39	2
90	3	1	0.7216008	260.5176	20.51765	1019.482	779.4824	13	2
91	3	1	0.2026681	260.5176	20.51765	1019.482	779.4824	9	2
92	1	1	0.1298688	260.5176	20.51765	1019.482	779.4824	66	2
93	6	0	0.8318934	260.5176	20.51765	1019.482	779.4824	20	2
94	3	1	0.8851508	260.5176	20.51765	1019.482	779.4824	57	2
95	3	1	0.67155	260.5176	20.51765	1019.482	779.4824	10	2
96	3	1	0.504228	260.5176	20.51765	1019.482	779.4824	12	2
1	4	1	0.9227573	260.5176	20.51765	1019.482	779.4824	32	3
2	NaN	NaN	6.510924	260.5176	20.51765	1019.482	779.4824	40	3
3	6	0	0.2130901	260.5176	20.51765	1019.482	779.4824	22	3
4	1	0	1.539747	260.5176	20.51765	1019.482	779.4824	34	3
5	6	1	1.372123	260.5176	20.51765	1019.482	779.4824	92	3
6	6	1	0.09148791	260.5176	20.51765	1019.482	779.4824	91	3
7	3	0	2.377695	260.5176	20.51765	1019.482	779.4824	35	3
8	3	0	0.3984604	260.5176	20.51765	1019.482	779.4824	6	3
9	3	0	0.915038	260.5176	20.51765	1019.482	779.4824	55	3
10	2	1	1.621852	260.5176	20.51765	1019.482	779.4824	3	3
11	6	1	0.000324335	260.5176	20.51765	1019.482	779.4824	96	3
12	1	1	1.024328	260.5176	20.51765	1019.482	779.4824	68	3
13	3	1	0.1180486	260.5176	20.51765	1019.482	779.4824	16	3
14	1	1	1.097027	260.5176	20.51765	1019.482	779.4824	69	3
15	3	1	0.06918909	260.5176	20.51765	1019.482	779.4824	11	3
16	2	1	5.136958	260.5176	20.51765	1019.482	779.4824	54	3
17	4	1	2.566704	260.5176	20.51765	1019.482	779.4824	30	3
18	4	0	1.49463	260.5176	20.51765	1019.482	779.4824	45	3
19	4	1	1.688573	260.5176	20.51765	1019.482	779.4824	77	3
20	5	0	1.091706	260.5176	20.51765	1019.482	779.4824	60	3
21	4	1	0.3905929	260.5176	20.51765	1019.482	779.4824	74	3
22	4	1	0.0003220071	260.5176	20.51765	1019.482	779.4824	78	3
23	6	0	0.9546471	260.5176	20.51765	1019.482	779.4824	72	3
24	3	1	0.6263584	260.5176	20.51765	1019.482	779.4824	62	3
25	NaN	NaN	2.508419	260.5176	20.51765	1019.482	779.4824	70	3
26	3	0	0.8777501	260.5176	20.51765	1019.482	779.4824	51	3
27	NaN	NaN	2.865205	260.5176	20.51765	1019.482	779.4824	33	3
28	NaN	NaN	4.222429	260.5176	20.51765	1019.482	779.4824	7	3
29	3	0	2.927208	260.5176	20.51765	1019.482	779.4824	86	3
30	5	1	0.2851056	260.5176	20.51765	1019.482	779.4824	38	3
31	3	1	0.09001638	260.5176	20.51765	1019.482	779.4824	58	3
32	4	1	0.131271	260.5176	20.51765	1019.482	779.4824	76	3
33	5	1	1.451476	260.5176	20.51765	1019.482	779.4824	81	3
34	6	1	1.711799	260.5176	20.51765	1019.482	779.4824	89	3
35	6	1	0.032223	260.5176	20.51765	1019.482	779.4824	42	3
36	4	1	0.1245695	260.5176	20.51765	1019.482	779.4824	28	3
37	6	0	0.4311524	260.5176	20.51765	1019.482	779.4824	17	3
38	6	1	0.3881967	260.5176	20.51765	1019.482	779.4824	41	3
39	4	0	0.9769767	260.5176	20.51765	1019.482	779.4824	47	3
40	4	1	0.5535881	260.5176	20.51765	1019.482	779.4824	80	3
41	3	1	0.7158303	260.5176	20.51765	1019.482	779.4824	14	3
42	4	0	0.667321	260.5176	20.51765	1019.482	779.4824	46	3
43	2	1	1.014764	260.5176	20.51765	1019.482	779.4824	56	3
44	5	0	0.2583021	260.5176	20.51765	1019.482	779.4824	63	3
45	6	1	2.152999	260.5176	20.51765	1019.482	779.4824	93	3
46	3	0	2.501099	260.5176	20.51765	1019.482	779.4824	8	3
47	6	0	0.1964657	260.5176	20.51765	1019.482	779.4824	67	3
48	5	1	0.658947	260.5176	20.51765	1019.482	779.4824	84	3
49	NaN	NaN	2.881398	260.5176	20.51765	1019.482	779.4824	90	3
50	2	0	1.411783	260.5176	20.51765	1019.482	779.4824	83	3
51	3	1	0.9692104	260.5176	20.51765	1019.482	779.4824	59	3
52	4	1	0.05687775	260.5176	20.51765	1019.482	779.4824	79	3
53	NaN	NaN	3.718953	260.5176	20.51765	1019.482	779.4824	5	3
54	6	1	0.2473273	260.5176	20.51765	1019.482	779.4824	48	3
55	3	0	0.5084997	260.5176	20.51765	1019.482	779.4824	53	3
56	4	1	0.08595709	260.5176	20.51765	1019.482	779.4824	29	3
57	6	0	0.64985	260.5176	20.51765	1019.482	779.4824	21	3
58	NaN	NaN	3.425427	260.5176	20.51765	1019.482	779.4824	25	3
59	2	1	1.926516	260.5176	20.51765	1019.482	779.4824	52	3
60	1	0	0.3501898	260.5176	20.51765	1019.482	779.4824	37	3
61	3	1	0.3904063	260.5176	20.51765	1019.482	779.4824	64	3
62	4	1	0.00037086	260.5176	20.51765	1019.482	779.4824	31	3
63	3	0	2.751665	260.5176	20.51765	1019.482	779.4824	49	3
64	4	1	0.671296	260.5176	20.51765	1019.482	779.4824	27	3
65	3	1	1.203499	260.5176	20.51765	1019.482	779.4824	61	3
66	2	0	0.5700612	260.5176	20.51765	1019.482	779.4824	88	3
67	2	1	0.000413215	260.5176	20.51765	1019.482	779.4824	50	3
68	1	0	0.1915054	260.5176	20.51765	1019.482	779.4824	87	3
69	4	1	0.1494578	260.5176	20.51765	1019.482	779.4824	26	3
70	6	1	0.06150405	260.5176	20.51765	1019.482	779.4824	43	3
71	6	1	0.1225762	260.5176	20.51765	1019.482	779.4824	94	3
72	6	0	3.323323	260.5176	20.51765	1019.482	779.4824	19	3
73	6	1	0.3625614	260.5176	20.51765	1019.482	779.4824	44	3
74	3	1	0.7680035	260.5176	20.51765	1019.482	779.4824	15	3
75	4	1	0.02494198	260.5176	20.51765	1019.482	779.4824	73	3
76	5	0	3.814672	260.5176	20.51765	1019.482	779.4824	1	3
77	3	0	0.9316279	260.5176	20.51765	1019.482	779.4824	36	3
78	5	1	1.708244	260.5176	20.51765	1019.482	779.4824	82	3
79	6	0	0.01380663	260.5176	20.51765	1019.482	779.4824	71	3
80	NaN	NaN	2.216426	260.5176	20.51765	1019.482	779.4824	23	3
81	1	1	2.386245	260.5176	20.51765	1019.482	779.4824	65	3
82	2	1	1.233989	260.5176	20.51765	1019.482	779.4824	2	3
83	2	1	0.02994517	260.5176	20.51765	1019.482	779.4824	4	3
84	1	1	0.1860139	260.5176	20.51765	1019.482	779.4824	18	3
85	3	0	0.1606127	260.5176	20.51765	1019.482	779.4824	85	3
86	4	1	0.7993252	260.5176	20.51765	1019.482	779.4824	75	3
87	6	0	0.04705297	260.5176	20.51765	1019.482	779.4824	24	3
88	1	0	0.8437122	260.5176	20.51765	1019.482	779.4824	95	3
89	5	1	0.2484513	260.5176	20.51765	1019.482	779.4824	39	3
90	3	1	1.358639	260.5176	20.51765	1019.482	779.4824	13	3
91	3	1	0.5638184	260.5176	20.51765	1019.482	779.4824	9	3
92	1	1	0.08536091	260.5176	20.51765	1019.482	779.4824	66	3
93	6	0	0.6397845	260.5176	20.51765	1019.482	779.4824	20	3
94	3	1	0.7083342	260.5176	20.51765	1019.482	779.4824	57	3
95	3	1	0.214714	260.5176	20.51765	1019.482	779.4824	10	3
96	3	1	0.4593455	260.5176	20.51765	1019.482	779.4824	12	3
