1	6	1	8.370523	340.5176	70.51765	1099.482	829.4824	47	3
2	5	1	1.337841	340.5176	70.51765	1099.482	829.4824	83	3
3	3	1	4.031542	340.5176	70.51765	1099.482	829.4824	63	3
4	5	0	1.098739	340.5176	70.51765	1099.482	829.4824	6	3
5	5	0	1.670432	340.5176	70.51765	1099.482	829.4824	10	3
6	3	1	2.515884	340.5176	70.51765	1099.482	829.4824	58	3
7	4	1	5.674881	340.5176	70.51765	1099.482	829.4824	73	3
8	6	0	6.588801	340.5176	70.51765	1099.482	829.4824	40	3
9	2	1	5.62329	340.5176	70.51765	1099.482	829.4824	2	3
10	6	1	4.389486	340.5176	70.51765	1099.482	829.4824	48	3
11	6	0	2.495063	340.5176	70.51765	1099.482	829.4824	12	3
12	5	1	1.436304	340.5176	70.51765	1099.482	829.4824	38	3
13	NaN	NaN	8.424037	340.5176	70.51765	1099.482	829.4824	69	3
14	3	1	1.903214	340.5176	70.51765	1099.482	829.4824	62	3
15	NaN	NaN	8.641682	340.5176	70.51765	1099.482	829.4824	74	3
16	6	1	1.235391	340.5176	70.51765	1099.482	829.4824	91	3
17	6	1	1.17246	340.5176	70.51765	1099.482	829.4824	43	3
18	6	0	2.103506	340.5176	70.51765	1099.482	829.4824	21	3
19	6	0	3.223303	340.5176	70.51765	1099.482	829.4824	72	3
20	6	1	1.167366	340.5176	70.51765	1099.482	829.4824	96	3
21	5	1	1.489772	340.5176	70.51765	1099.482	829.4824	33	3
22	2	0	1.981996	340.5176	70.51765	1099.482	829.4824	82	3
23	2	0	1.228637	340.5176	70.51765	1099.482	829.4824	34	3
24	1	1	1.359717	340.5176	70.51765	1099.482	829.4824	20	3
25	3	1	1.218262	340.5176	70.51765	1099.482	829.4824	15	3
26	NaN	NaN	4.976168	340.5176	70.51765	1099.482	829.4824	16	3
27	3	0	5.527493	340.5176	70.51765	1099.482	829.4824	79	3
28	3	1	1.813372	340.5176	70.51765	1099.482	829.4824	9	3
29	6	1	1.149054	340.5176	70.51765	1099.482	829.4824	41	3
30	1	1	1.263549	340.5176	70.51765	1099.482	829.4824	68	3
31	1	1	1.246155	340.5176	70.51765	1099.482	829.4824	71	3
32	5	1	1.870164	340.5176	70.51765	1099.482	829.4824	84	3
33	5	0	2.774704	340.5176	70.51765	1099.482	829.4824	4	3
34	3	1	1.437488	340.5176	70.51765	1099.482	829.4824	13	3
35	3	1	1.06202	340.5176	70.51765	1099.482	829.4824	59	3
36	5	0	1.053541	340.5176	70.51765	1099.482	829.4824	56	3
37	4	0	1.887419	340.5176	70.51765	1099.482	829.4824	93	3
38	6	0	1.920597	340.5176	70.51765	1099.482	829.4824	18	3
39	6	1	1.046652	340.5176	70.51765	1099.482	829.4824	94	3
40	2	1	1.234846	340.5176	70.51765	1099.482	829.4824	3	3
41	5	1	1.29374	340.5176	70.51765	1099.482	829.4824	35	3
42	5	0	1.19256	340.5176	70.51765	1099.482	829.4824	52	3
43	6	1	1.907515	340.5176	70.51765	1099.482	829.4824	46	3
44	4	1	1.786055	340.5176	70.51765	1099.482	829.4824	76	3
45	5	0	0.7073372	340.5176	70.51765	1099.482	829.4824	53	3
46	5	0	0.6712152	340.5176	70.51765	1099.482	829.4824	14	3
47	5	0	0.8066691	340.5176	70.51765	1099.482	829.4824	61	3
48	2	0	6.183726	340.5176	70.51765	1099.482	829.4824	31	3
49	4	1	0.7421807	340.5176	70.51765	1099.482	829.4824	28	3
50	5	0	0.883467	340.5176	70.51765	1099.482	829.4824	8	3
51	5	0	1.519452	340.5176	70.51765	1099.482	829.4824	65	3
52	4	0	1.751849	340.5176	70.51765	1099.482	829.4824	36	3
53	5	1	1.272586	340.5176	70.51765	1099.482	829.4824	81	3
54	2	1	0.6920118	340.5176	70.51765	1099.482	829.4824	50	3
55	2	1	0.1850041	340.5176	70.51765	1099.482	829.4824	51	3
56	6	0	1.041583	340.5176	70.51765	1099.482	829.4824	70	3
57	4	1	1.775492	340.5176	70.51765	1099.482	829.4824	26	3
58	4	1	0.9079492	340.5176	70.51765	1099.482	829.4824	80	3
59	6	0	1.702729	340.5176	70.51765	1099.482	829.4824	17	3
60	2	1	1.35829	340.5176	70.51765	1099.482	829.4824	49	3
61	4	1	0.8710298	340.5176	70.51765	1099.482	829.4824	78	3
62	5	0	0.9222824	340.5176	70.51765	1099.482	829.4824	5	3
63	4	0	0.8953134	340.5176	70.51765	1099.482	829.4824	42	3
64	5	0	1.267904	340.5176	70.51765	1099.482	829.4824	11	3
65	5	0	0.826536	340.5176	70.51765	1099.482	829.4824	19	3
66	4	0	1.731597	340.5176	70.51765	1099.482	829.4824	89	3
67	4	1	1.573065	340.5176	70.51765	1099.482	829.4824	29	3
68	4	1	3.601201	340.5176	70.51765	1099.482	829.4824	30	3
69	1	0	1.476457	340.5176	70.51765	1099.482	829.4824	7	3
70	4	1	1.019096	340.5176	70.51765	1099.482	829.4824	77	3
71	4	0	0.5948484	340.5176	70.51765	1099.482	829.4824	45	3
72	5	0	0.642299	340.5176	70.51765	1099.482	829.4824	64	3
73	2	1	1.141911	340.5176	70.51765	1099.482	829.4824	1	3
74	NaN	NaN	2.631067	340.5176	70.51765	1099.482	829.4824	27	3
75	NaN	NaN	3.082765	340.5176	70.51765	1099.482	829.4824	37	3
76	6	0	1.32371	340.5176	70.51765	1099.482	829.4824	23	3
77	4	0	0.940537	340.5176	70.51765	1099.482	829.4824	90	3
78	5	0	0.8945792	340.5176	70.51765	1099.482	829.4824	32	3
79	5	1	0.4186232	340.5176	70.51765	1099.482	829.4824	39	3
80	4	1	0.8621277	340.5176	70.51765	1099.482	829.4824	75	3
81	4	0	0.7838352	340.5176	70.51765	1099.482	829.4824	95	3
82	4	0	0.8300696	340.5176	70.51765	1099.482	829.4824	44	3
83	5	0	0.753734	340.5176	70.51765	1099.482	829.4824	55	3
84	5	0	0.6809703	340.5176	70.51765	1099.482	829.4824	24	3
85	5	0	0.5739808	340.5176	70.51765	1099.482	829.4824	54	3
86	5	0	0.5128766	340.5176	70.51765	1099.482	829.4824	66	3
87	4	1	0.9068595	340.5176	70.51765	1099.482	829.4824	25	3
88	5	1	1.646177	340.5176	70.51765	1099.482	829.4824	86	3
89	5	1	1.321969	340.5176	70.51765	1099.482	829.4824	88	3
90	2	0	2.86215	340.5176	70.51765	1099.482	829.4824	57	3
91	5	0	1.078667	340.5176	70.51765	1099.482	829.4824	60	3
92	5	1	0.7189437	340.5176	70.51765	1099.482	829.4824	85	3
93	4	0	1.163484	340.5176	70.51765	1099.482	829.4824	92	3
94	5	1	1.502848	340.5176	70.51765	1099.482	829.4824	87	3
95	6	0	1.082945	340.5176	70.51765	1099.482	829.4824	67	3
96	5	0	1.135627	340.5176	70.51765	1099.482	829.4824	22	3
1	6	0	4.867818	340.5176	70.51765	1099.482	829.4824	67	2
2	5	1	1.935669	340.5176	70.51765	1099.482	829.4824	82	2
3	1	0	3.354261	340.5176	70.51765	1099.482	829.4824	94	2
4	1	0	1.130075	340.5176	70.51765	1099.482	829.4824	81	2
5	2	0	2.527268	340.5176	70.51765	1099.482	829.4824	57	2
6	2	1	0.7611993	340.5176	70.51765	1099.482	829.4824	50	2
7	6	1	1.516425	340.5176	70.51765	1099.482	829.4824	45	2
8	2	1	1.660432	340.5176	70.51765	1099.482	829.4824	8	2
9	6	0	2.531265	340.5176	70.51765	1099.482	829.4824	26	2
10	5	0	2.240162	340.5176	70.51765	1099.482	829.4824	75	2
11	6	1	1.33456	340.5176	70.51765	1099.482	829.4824	92	2
12	2	0	1.106666	340.5176	70.51765	1099.482	829.4824	41	2
13	1	0	1.103019	340.5176	70.51765	1099.482	829.4824	83	2
14	2	0	1.818863	340.5176	70.51765	1099.482	829.4824	74	2
15	5	0	0.7428686	340.5176	70.51765	1099.482	829.4824	56	2
16	2	0	1.362383	340.5176	70.51765	1099.482	829.4824	96	2
17	1	0	1.408852	340.5176	70.51765	1099.482	829.4824	61	2
18	1	0	1.424281	340.5176	70.51765	1099.482	829.4824	34	2
19	2	0	1.115355	340.5176	70.51765	1099.482	829.4824	28	2
20	1	0	1.238803	340.5176	70.51765	1099.482	829.4824	4	2
21	5	0	1.326456	340.5176	70.51765	1099.482	829.4824	58	2
22	6	1	1.693102	340.5176	70.51765	1099.482	829.4824	95	2
23	2	0	1.406667	340.5176	70.51765	1099.482	829.4824	15	2
24	2	0	4.008728	340.5176	70.51765	1099.482	829.4824	29	2
25	5	0	0.8056675	340.5176	70.51765	1099.482	829.4824	53	2
26	5	1	1.153221	340.5176	70.51765	1099.482	829.4824	35	2
27	6	0	2.529531	340.5176	70.51765	1099.482	829.4824	79	2
28	6	0	3.139903	340.5176	70.51765	1099.482	829.4824	70	2
29	1	0	0.959216	340.5176	70.51765	1099.482	829.4824	36	2
30	2	1	0.6473308	340.5176	70.51765	1099.482	829.4824	1	2
31	2	0	1.247705	340.5176	70.51765	1099.482	829.4824	90	2
32	5	1	1.445471	340.5176	70.51765	1099.482	829.4824	85	2
33	6	1	1.32925	340.5176	70.51765	1099.482	829.4824	93	2
34	2	0	1.043979	340.5176	70.51765	1099.482	829.4824	23	2
35	2	0	1.424761	340.5176	70.51765	1099.482	829.4824	27	2
36	2	0	0.8047601	340.5176	70.51765	1099.482	829.4824	9	2
37	NaN	NaN	2.665497	340.5176	70.51765	1099.482	829.4824	69	2
38	5	1	1.682382	340.5176	70.51765	1099.482	829.4824	84	2
39	5	1	1.029912	340.5176	70.51765	1099.482	829.4824	38	2
40	2	0	1.257413	340.5176	70.51765	1099.482	829.4824	48	2
41	2	0	1.215778	340.5176	70.51765	1099.482	829.4824	31	2
42	1	1	0.6686728	340.5176	70.51765	1099.482	829.4824	71	2
43	2	1	0.9596641	340.5176	70.51765	1099.482	829.4824	49	2
44	6	1	1.260174	340.5176	70.51765	1099.482	829.4824	44	2
45	1	0	1.630636	340.5176	70.51765	1099.482	829.4824	55	2
46	2	0	0.8946018	340.5176	70.51765	1099.482	829.4824	91	2
47	6	0	3.724666	340.5176	70.51765	1099.482	829.4824	87	2
48	1	0	1.126467	340.5176	70.51765	1099.482	829.4824	40	2
49	1	0	2.444537	340.5176	70.51765	1099.482	829.4824	88	2
50	1	0	0.8207842	340.5176	70.51765	1099.482	829.4824	86	2
51	2	1	0.8172341	340.5176	70.51765	1099.482	829.4824	2	2
52	1	0	2.034996	340.5176	70.51765	1099.482	829.4824	54	2
53	6	0	1.340272	340.5176	70.51765	1099.482	829.4824	68	2
54	2	0	0.5796186	340.5176	70.51765	1099.482	829.4824	59	2
55	6	0	0.7995725	340.5176	70.51765	1099.482	829.4824	30	2
56	2	0	0.6739362	340.5176	70.51765	1099.482	829.4824	47	2
57	1	1	1.069605	340.5176	70.51765	1099.482	829.4824	22	2
58	2	0	0.4840236	340.5176	70.51765	1099.482	829.4824	89	2
59	1	1	0.9343174	340.5176	70.51765	1099.482	829.4824	19	2
60	1	1	0.8236642	340.5176	70.51765	1099.482	829.4824	21	2
61	5	0	1.421427	340.5176	70.51765	1099.482	829.4824	25	2
62	2	0	2.951808	340.5176	70.51765	1099.482	829.4824	73	2
63	1	1	0.9378809	340.5176	70.51765	1099.482	829.4824	66	2
64	1	0	0.887759	340.5176	70.51765	1099.482	829.4824	39	2
65	2	0	1.27122	340.5176	70.51765	1099.482	829.4824	80	2
66	6	0	1.490387	340.5176	70.51765	1099.482	829.4824	77	2
67	1	0	0.9831708	340.5176	70.51765	1099.482	829.4824	5	2
68	2	0	1.295795	340.5176	70.51765	1099.482	829.4824	76	2
69	1	0	3.68998	340.5176	70.51765	1099.482	829.4824	63	2
70	1	0	1.147481	340.5176	70.51765	1099.482	829.4824	14	2
71	2	0	0.6928212	340.5176	70.51765	1099.482	829.4824	11	2
72	6	0	2.308695	340.5176	70.51765	1099.482	829.4824	12	2
73	2	0	3.700057	340.5176	70.51765	1099.482	829.4824	42	2
74	1	0	0.9566891	340.5176	70.51765	1099.482	829.4824	7	2
75	1	0	1.331719	340.5176	70.51765	1099.482	829.4824	62	2
76	2	0	3.773935	340.5176	70.51765	1099.482	829.4824	64	2
77	1	0	1.369633	340.5176	70.51765	1099.482	829.4824	33	2
78	1	1	2.614908	340.5176	70.51765	1099.482	829.4824	24	2
79	3	1	1.375639	340.5176	70.51765	1099.482	829.4824	16	2
80	2	0	3.248463	340.5176	70.51765	1099.482	829.4824	65	2
81	2	0	2.122743	340.5176	70.51765	1099.482	829.4824	32	2
82	1	1	1.586245	340.5176	70.51765	1099.482	829.4824	72	2
83	1	1	1.124933	340.5176	70.51765	1099.482	829.4824	20	2
84	6	0	1.870674	340.5176	70.51765	1099.482	829.4824	60	2
85	3	1	1.801096	340.5176	70.51765	1099.482	829.4824	10	2
86	2	0	0.9062244	340.5176	70.51765	1099.482	829.4824	17	2
87	2	0	2.160909	340.5176	70.51765	1099.482	829.4824	78	2
88	2	0	2.754057	340.5176	70.51765	1099.482	829.4824	46	2
89	6	0	3.331883	340.5176	70.51765	1099.482	829.4824	37	2
90	6	0	1.973084	340.5176	70.51765	1099.482	829.4824	52	2
91	1	1	1.464112	340.5176	70.51765	1099.482	829.4824	18	2
92	2	1	1.441742	340.5176	70.51765	1099.482	829.4824	3	2
93	2	1	1.083758	340.5176	70.51765	1099.482	829.4824	6	2
94	2	0	3.314805	340.5176	70.51765	1099.482	829.4824	13	2
95	1	0	3.56435	340.5176	70.51765	1099.482	829.4824	43	2
96	2	1	0.7572882	340.5176	70.51765	1099.482	829.4824	51	2
1	5	1	1.571311	340.5176	70.51765	1099.482	829.4824	87	1
2	3	1	2.214135	340.5176	70.51765	1099.482	829.4824	15	1
3	4	1	0.9674051	340.5176	70.51765	1099.482	829.4824	27	1
4	6	1	0.6666732	340.5176	70.51765	1099.482	829.4824	47	1
5	6	0	0.6220111	340.5176	70.51765	1099.482	829.4824	67	1
6	5	0	0.9189587	340.5176	70.51765	1099.482	829.4824	22	1
7	2	1	1.314541	340.5176	70.51765	1099.482	829.4824	53	1
8	2	1	1.23595	340.5176	70.51765	1099.482	829.4824	6	1
9	2	1	1.632096	340.5176	70.51765	1099.482	829.4824	52	1
10	6	0	1.200423	340.5176	70.51765	1099.482	829.4824	29	1
11	1	0	1.678919	340.5176	70.51765	1099.482	829.4824	14	1
12	6	0	1.088194	340.5176	70.51765	1099.482	829.4824	24	1
13	6	0	1.129196	340.5176	70.51765	1099.482	829.4824	72	1
14	6	0	1.101925	340.5176	70.51765	1099.482	829.4824	28	1
15	1	1	1.751462	340.5176	70.51765	1099.482	829.4824	18	1
16	4	1	2.732086	340.5176	70.51765	1099.482	829.4824	25	1
17	5	0	1.378247	340.5176	70.51765	1099.482	829.4824	4	1
18	5	0	1.099604	340.5176	70.51765	1099.482	829.4824	55	1
19	5	1	1.814187	340.5176	70.51765	1099.482	829.4824	34	1
20	2	1	0.990346	340.5176	70.51765	1099.482	829.4824	49	1
21	4	1	0.7459638	340.5176	70.51765	1099.482	829.4824	78	1
22	5	0	1.849869	340.5176	70.51765	1099.482	829.4824	70	1
23	6	1	1.889614	340.5176	70.51765	1099.482	829.4824	92	1
24	6	1	0.6599296	340.5176	70.51765	1099.482	829.4824	91	1
25	5	1	0.8372453	340.5176	70.51765	1099.482	829.4824	40	1
26	5	1	0.8557135	340.5176	70.51765	1099.482	829.4824	85	1
27	6	0	0.8854033	340.5176	70.51765	1099.482	829.4824	20	1
28	2	1	3.258037	340.5176	70.51765	1099.482	829.4824	50	1
29	2	0	1.361341	340.5176	70.51765	1099.482	829.4824	59	1
30	4	1	0.8369847	340.5176	70.51765	1099.482	829.4824	30	1
31	5	1	0.5719058	340.5176	70.51765	1099.482	829.4824	38	1
32	2	0	1.143006	340.5176	70.51765	1099.482	829.4824	57	1
33	6	0	2.307767	340.5176	70.51765	1099.482	829.4824	77	1
34	6	0	1.374522	340.5176	70.51765	1099.482	829.4824	35	1
35	5	1	1.21458	340.5176	70.51765	1099.482	829.4824	37	1
36	3	1	1.341523	340.5176	70.51765	1099.482	829.4824	16	1
37	4	0	1.253582	340.5176	70.51765	1099.482	829.4824	42	1
38	5	1	0.7299955	340.5176	70.51765	1099.482	829.4824	86	1
39	6	1	0.7990816	340.5176	70.51765	1099.482	829.4824	43	1
40	3	1	4.38281	340.5176	70.51765	1099.482	829.4824	9	1
41	2	1	2.578734	340.5176	70.51765	1099.482	829.4824	54	1
42	6	1	1.150412	340.5176	70.51765	1099.482	829.4824	46	1
43	6	0	4.779812	340.5176	70.51765	1099.482	829.4824	12	1
44	2	1	0.6023069	340.5176	70.51765	1099.482	829.4824	1	1
45	6	1	1.119658	340.5176	70.51765	1099.482	829.4824	89	1
46	6	1	0.7694466	340.5176	70.51765	1099.482	829.4824	90	1
47	4	1	1.925773	340.5176	70.51765	1099.482	829.4824	75	1
48	6	0	1.116196	340.5176	70.51765	1099.482	829.4824	23	1
49	NaN	NaN	2.689402	340.5176	70.51765	1099.482	829.4824	51	1
50	6	1	0.8175808	340.5176	70.51765	1099.482	829.4824	48	1
51	5	1	2.213426	340.5176	70.51765	1099.482	829.4824	36	1
52	6	0	1.588047	340.5176	70.51765	1099.482	829.4824	73	1
53	6	1	0.9089321	340.5176	70.51765	1099.482	829.4824	45	1
54	5	0	1.134472	340.5176	70.51765	1099.482	829.4824	61	1
55	4	1	0.5895712	340.5176	70.51765	1099.482	829.4824	79	1
56	4	1	0.5678135	340.5176	70.51765	1099.482	829.4824	31	1
57	6	0	1.128931	340.5176	70.51765	1099.482	829.4824	69	1
58	5	1	1.397157	340.5176	70.51765	1099.482	829.4824	33	1
59	5	0	0.9731784	340.5176	70.51765	1099.482	829.4824	32	1
60	5	0	1.014877	340.5176	70.51765	1099.482	829.4824	10	1
61	5	0	0.9253599	340.5176	70.51765	1099.482	829.4824	60	1
62	6	0	1.458856	340.5176	70.51765	1099.482	829.4824	66	1
63	5	0	0.9037156	340.5176	70.51765	1099.482	829.4824	56	1
64	6	0	1.099701	340.5176	70.51765	1099.482	829.4824	63	1
65	6	0	0.8894023	340.5176	70.51765	1099.482	829.4824	62	1
66	5	0	2.021308	340.5176	70.51765	1099.482	829.4824	7	1
67	2	1	1.591733	340.5176	70.51765	1099.482	829.4824	2	1
68	2	1	0.1397349	340.5176	70.51765	1099.482	829.4824	3	1
69	2	0	0.9829808	340.5176	70.51765	1099.482	829.4824	11	1
70	4	1	0.6669809	340.5176	70.51765	1099.482	829.4824	74	1
71	5	1	0.8202079	340.5176	70.51765	1099.482	829.4824	88	1
72	5	1	0.6361408	340.5176	70.51765	1099.482	829.4824	82	1
73	5	1	0.6322171	340.5176	70.51765	1099.482	829.4824	83	1
74	6	0	1.02615	340.5176	70.51765	1099.482	829.4824	19	1
75	5	0	4.683172	340.5176	70.51765	1099.482	829.4824	8	1
76	1	0	16.63342	340.5176	70.51765	1099.482	829.4824	80	1
77	6	0	1.530177	340.5176	70.51765	1099.482	829.4824	84	1
78	6	0	5.416569	340.5176	70.51765	1099.482	829.4824	17	1
79	6	1	0.4570774	340.5176	70.51765	1099.482	829.4824	44	1
80	5	0	0.7096214	340.5176	70.51765	1099.482	829.4824	13	1
81	3	1	0.7912256	340.5176	70.51765	1099.482	829.4824	64	1
82	4	1	1.064729	340.5176	70.51765	1099.482	829.4824	76	1
83	6	0	2.53441	340.5176	70.51765	1099.482	829.4824	71	1
84	1	1	1.311045	340.5176	70.51765	1099.482	829.4824	68	1
85	4	1	3.478102	340.5176	70.51765	1099.482	829.4824	26	1
86	6	1	1.448978	340.5176	70.51765	1099.482	829.4824	96	1
87	6	1	1.067521	340.5176	70.51765	1099.482	829.4824	41	1
88	6	1	0.9050776	340.5176	70.51765	1099.482	829.4824	94	1
89	3	1	1.606516	340.5176	70.51765	1099.482	829.4824	58	1
90	2	1	1.937431	340.5176	70.51765	1099.482	829.4824	5	1
91	2	0	1.405706	340.5176	70.51765	1099.482	829.4824	65	1
92	6	1	0.8211552	340.5176	70.51765	1099.482	829.4824	93	1
93	6	0	1.566599	340.5176	70.51765	1099.482	829.4824	21	1
94	5	1	0.7072378	340.5176	70.51765	1099.482	829.4824	81	1
95	6	1	1.098486	340.5176	70.51765	1099.482	829.4824	95	1
96	5	1	0.7183365	340.5176	70.51765	1099.482	829.4824	39	1
