1	6	0	15.36584	340.5176	70.51765	1099.482	829.4824	32	3
2	5	1	2.057553	340.5176	70.51765	1099.482	829.4824	40	3
3	1	1	1.483414	340.5176	70.51765	1099.482	829.4824	22	3
4	1	0	2.734076	340.5176	70.51765	1099.482	829.4824	34	3
5	6	1	1.789998	340.5176	70.51765	1099.482	829.4824	92	3
6	6	1	2.622103	340.5176	70.51765	1099.482	829.4824	91	3
7	5	1	0.7873789	340.5176	70.51765	1099.482	829.4824	35	3
8	2	1	2.268371	340.5176	70.51765	1099.482	829.4824	6	3
9	2	1	0.621043	340.5176	70.51765	1099.482	829.4824	55	3
10	2	1	1.916441	340.5176	70.51765	1099.482	829.4824	3	3
11	1	0	1.92423	340.5176	70.51765	1099.482	829.4824	96	3
12	1	1	1.499462	340.5176	70.51765	1099.482	829.4824	68	3
13	3	1	1.207092	340.5176	70.51765	1099.482	829.4824	16	3
14	6	0	1.855519	340.5176	70.51765	1099.482	829.4824	69	3
15	3	1	0.943148	340.5176	70.51765	1099.482	829.4824	11	3
16	5	0	1.099198	340.5176	70.51765	1099.482	829.4824	54	3
17	4	1	1.260445	340.5176	70.51765	1099.482	829.4824	30	3
18	4	0	1.194561	340.5176	70.51765	1099.482	829.4824	45	3
19	4	1	0.9005096	340.5176	70.51765	1099.482	829.4824	77	3
20	NaN	NaN	6.157177	340.5176	70.51765	1099.482	829.4824	60	3
21	4	1	0.8723168	340.5176	70.51765	1099.482	829.4824	74	3
22	4	1	0.5714366	340.5176	70.51765	1099.482	829.4824	78	3
23	6	0	1.447234	340.5176	70.51765	1099.482	829.4824	72	3
24	3	1	1.223301	340.5176	70.51765	1099.482	829.4824	62	3
25	NaN	NaN	1.490677	340.5176	70.51765	1099.482	829.4824	70	3
26	2	1	1.463431	340.5176	70.51765	1099.482	829.4824	51	3
27	3	0	3.448617	340.5176	70.51765	1099.482	829.4824	33	3
28	2	1	0.9837178	340.5176	70.51765	1099.482	829.4824	7	3
29	6	0	3.711719	340.5176	70.51765	1099.482	829.4824	86	3
30	5	1	1.784004	340.5176	70.51765	1099.482	829.4824	38	3
31	3	1	0.9297688	340.5176	70.51765	1099.482	829.4824	58	3
32	4	1	5.665085	340.5176	70.51765	1099.482	829.4824	76	3
33	NaN	NaN	6.17936	340.5176	70.51765	1099.482	829.4824	81	3
34	4	0	0.7390777	340.5176	70.51765	1099.482	829.4824	89	3
35	1	0	1.887695	340.5176	70.51765	1099.482	829.4824	42	3
36	4	1	1.883579	340.5176	70.51765	1099.482	829.4824	28	3
37	NaN	NaN	1.463318	340.5176	70.51765	1099.482	829.4824	17	3
38	6	1	0.9372592	340.5176	70.51765	1099.482	829.4824	41	3
39	4	0	0.4096069	340.5176	70.51765	1099.482	829.4824	47	3
40	4	1	4.115024	340.5176	70.51765	1099.482	829.4824	80	3
41	3	1	6.721323	340.5176	70.51765	1099.482	829.4824	14	3
42	4	0	0.4387	340.5176	70.51765	1099.482	829.4824	46	3
43	2	1	0.3578886	340.5176	70.51765	1099.482	829.4824	56	3
44	5	0	0.7621562	340.5176	70.51765	1099.482	829.4824	63	3
45	NaN	NaN	0.7341931	340.5176	70.51765	1099.482	829.4824	93	3
46	5	0	1.828931	340.5176	70.51765	1099.482	829.4824	8	3
47	1	1	0.4282747	340.5176	70.51765	1099.482	829.4824	67	3
48	5	1	0.3792281	340.5176	70.51765	1099.482	829.4824	84	3
49	NaN	NaN	2.047673	340.5176	70.51765	1099.482	829.4824	90	3
50	5	1	0.6684819	340.5176	70.51765	1099.482	829.4824	83	3
51	2	0	0.2905427	340.5176	70.51765	1099.482	829.4824	59	3
52	4	1	0.6416026	340.5176	70.51765	1099.482	829.4824	79	3
53	5	0	4.127827	340.5176	70.51765	1099.482	829.4824	5	3
54	6	1	0.9097038	340.5176	70.51765	1099.482	829.4824	48	3
55	3	0	0.865825	340.5176	70.51765	1099.482	829.4824	53	3
56	4	1	2.270461	340.5176	70.51765	1099.482	829.4824	29	3
57	NaN	NaN	2.730837	340.5176	70.51765	1099.482	829.4824	21	3
58	4	1	0.5123827	340.5176	70.51765	1099.482	829.4824	25	3
59	2	1	0.1071905	340.5176	70.51765	1099.482	829.4824	52	3
60	1	0	1.944432	340.5176	70.51765	1099.482	829.4824	37	3
61	3	1	0.8875696	340.5176	70.51765	1099.482	829.4824	64	3
62	4	1	0.511707	340.5176	70.51765	1099.482	829.4824	31	3
63	1	0	1.513358	340.5176	70.51765	1099.482	829.4824	49	3
64	4	1	0.7208424	340.5176	70.51765	1099.482	829.4824	27	3
65	2	0	0.3664066	340.5176	70.51765	1099.482	829.4824	61	3
66	5	1	0.3703695	340.5176	70.51765	1099.482	829.4824	88	3
67	2	1	0.4501246	340.5176	70.51765	1099.482	829.4824	50	3
68	1	0	4.070976	340.5176	70.51765	1099.482	829.4824	87	3
69	4	1	0.555648	340.5176	70.51765	1099.482	829.4824	26	3
70	6	1	1.394397	340.5176	70.51765	1099.482	829.4824	43	3
71	4	0	0.3580049	340.5176	70.51765	1099.482	829.4824	94	3
72	NaN	NaN	3.017166	340.5176	70.51765	1099.482	829.4824	19	3
73	6	1	3.041035	340.5176	70.51765	1099.482	829.4824	44	3
74	3	1	0.9583561	340.5176	70.51765	1099.482	829.4824	15	3
75	4	1	0.4040064	340.5176	70.51765	1099.482	829.4824	73	3
76	2	1	1.167177	340.5176	70.51765	1099.482	829.4824	1	3
77	NaN	NaN	2.112266	340.5176	70.51765	1099.482	829.4824	36	3
78	5	1	1.431164	340.5176	70.51765	1099.482	829.4824	82	3
79	1	1	0.7288726	340.5176	70.51765	1099.482	829.4824	71	3
80	NaN	NaN	0.9379895	340.5176	70.51765	1099.482	829.4824	23	3
81	2	0	0.6737425	340.5176	70.51765	1099.482	829.4824	65	3
82	2	1	0.6431077	340.5176	70.51765	1099.482	829.4824	2	3
83	2	1	0.4018567	340.5176	70.51765	1099.482	829.4824	4	3
84	1	1	0.8045201	340.5176	70.51765	1099.482	829.4824	18	3
85	4	0	0.657205	340.5176	70.51765	1099.482	829.4824	85	3
86	4	1	0.3857839	340.5176	70.51765	1099.482	829.4824	75	3
87	1	1	0.5007372	340.5176	70.51765	1099.482	829.4824	24	3
88	NaN	NaN	0.6438846	340.5176	70.51765	1099.482	829.4824	95	3
89	NaN	NaN	3.342736	340.5176	70.51765	1099.482	829.4824	39	3
90	3	1	1.546613	340.5176	70.51765	1099.482	829.4824	13	3
91	2	0	1.760083	340.5176	70.51765	1099.482	829.4824	9	3
92	1	1	0.3825764	340.5176	70.51765	1099.482	829.4824	66	3
93	6	0	6.942307	340.5176	70.51765	1099.482	829.4824	20	3
94	3	1	4.685107	340.5176	70.51765	1099.482	829.4824	57	3
95	3	1	1.140834	340.5176	70.51765	1099.482	829.4824	10	3
96	3	1	0.5964397	340.5176	70.51765	1099.482	829.4824	12	3
1	6	0	12.43032	340.5176	70.51765	1099.482	829.4824	73	2
2	5	0	12.34868	340.5176	70.51765	1099.482	829.4824	6	2
3	3	1	5.79098	340.5176	70.51765	1099.482	829.4824	57	2
4	5	0	1.44173	340.5176	70.51765	1099.482	829.4824	63	2
5	2	1	2.262927	340.5176	70.51765	1099.482	829.4824	50	2
6	4	1	0.935178	340.5176	70.51765	1099.482	829.4824	25	2
7	1	0	1.257957	340.5176	70.51765	1099.482	829.4824	91	2
8	5	0	0.822888	340.5176	70.51765	1099.482	829.4824	30	2
9	2	0	1.409639	340.5176	70.51765	1099.482	829.4824	19	2
10	4	0	5.434859	340.5176	70.51765	1099.482	829.4824	45	2
11	5	1	0.6735742	340.5176	70.51765	1099.482	829.4824	87	2
12	5	0	4.890217	340.5176	70.51765	1099.482	829.4824	8	2
13	2	1	2.054675	340.5176	70.51765	1099.482	829.4824	4	2
14	4	0	1.451633	340.5176	70.51765	1099.482	829.4824	22	2
15	3	0	0.9921132	340.5176	70.51765	1099.482	829.4824	82	2
16	5	0	1.810211	340.5176	70.51765	1099.482	829.4824	76	2
17	6	0	6.666062	340.5176	70.51765	1099.482	829.4824	71	2
18	5	0	1.289226	340.5176	70.51765	1099.482	829.4824	16	2
19	2	0	0.595144	340.5176	70.51765	1099.482	829.4824	9	2
20	NaN	NaN	10.88734	340.5176	70.51765	1099.482	829.4824	46	2
21	5	0	9.551323	340.5176	70.51765	1099.482	829.4824	61	2
22	6	0	9.155983	340.5176	70.51765	1099.482	829.4824	66	2
23	3	1	0.8384135	340.5176	70.51765	1099.482	829.4824	13	2
24	6	0	2.249537	340.5176	70.51765	1099.482	829.4824	17	2
25	6	1	1.375284	340.5176	70.51765	1099.482	829.4824	47	2
26	4	1	0.3778659	340.5176	70.51765	1099.482	829.4824	74	2
27	2	0	0.6067946	340.5176	70.51765	1099.482	829.4824	14	2
28	NaN	NaN	3.089539	340.5176	70.51765	1099.482	829.4824	48	2
29	2	0	0.842431	340.5176	70.51765	1099.482	829.4824	58	2
30	5	1	0.502633	340.5176	70.51765	1099.482	829.4824	36	2
31	3	0	0.8446044	340.5176	70.51765	1099.482	829.4824	83	2
32	NaN	NaN	1.017914	340.5176	70.51765	1099.482	829.4824	24	2
33	NaN	NaN	0.4975613	340.5176	70.51765	1099.482	829.4824	20	2
34	2	0	0.8962429	340.5176	70.51765	1099.482	829.4824	40	2
35	6	1	2.078882	340.5176	70.51765	1099.482	829.4824	94	2
36	3	1	1.264845	340.5176	70.51765	1099.482	829.4824	62	2
37	6	1	2.074376	340.5176	70.51765	1099.482	829.4824	89	2
38	5	0	0.3416949	340.5176	70.51765	1099.482	829.4824	2	2
39	3	0	0.6540472	340.5176	70.51765	1099.482	829.4824	84	2
40	NaN	NaN	0.4414143	340.5176	70.51765	1099.482	829.4824	68	2
41	2	0	0.5397887	340.5176	70.51765	1099.482	829.4824	10	2
42	5	1	2.001704	340.5176	70.51765	1099.482	829.4824	34	2
43	6	1	1.107933	340.5176	70.51765	1099.482	829.4824	42	2
44	4	1	0.3834795	340.5176	70.51765	1099.482	829.4824	28	2
45	6	1	0.8937927	340.5176	70.51765	1099.482	829.4824	93	2
46	1	0	1.368574	340.5176	70.51765	1099.482	829.4824	44	2
47	1	1	1.37074	340.5176	70.51765	1099.482	829.4824	72	2
48	NaN	NaN	4.905364	340.5176	70.51765	1099.482	829.4824	55	2
49	6	1	1.508095	340.5176	70.51765	1099.482	829.4824	41	2
50	2	1	0.5560763	340.5176	70.51765	1099.482	829.4824	52	2
51	2	1	0.1527649	340.5176	70.51765	1099.482	829.4824	51	2
52	3	1	0.430406	340.5176	70.51765	1099.482	829.4824	11	2
53	4	0	2.728179	340.5176	70.51765	1099.482	829.4824	38	2
54	6	0	2.471531	340.5176	70.51765	1099.482	829.4824	70	2
55	1	0	1.013721	340.5176	70.51765	1099.482	829.4824	43	2
56	2	1	0.9143643	340.5176	70.51765	1099.482	829.4824	5	2
57	2	0	1.043469	340.5176	70.51765	1099.482	829.4824	67	2
58	2	1	0.4132844	340.5176	70.51765	1099.482	829.4824	49	2
59	5	1	0.9533655	340.5176	70.51765	1099.482	829.4824	39	2
60	5	0	0.3544596	340.5176	70.51765	1099.482	829.4824	15	2
61	4	1	0.3549993	340.5176	70.51765	1099.482	829.4824	31	2
62	6	0	4.742243	340.5176	70.51765	1099.482	829.4824	21	2
63	4	1	0.2515717	340.5176	70.51765	1099.482	829.4824	79	2
64	NaN	NaN	0.6616764	340.5176	70.51765	1099.482	829.4824	96	2
65	2	1	0.05433214	340.5176	70.51765	1099.482	829.4824	53	2
66	4	1	0.1774207	340.5176	70.51765	1099.482	829.4824	80	2
67	1	0	0.5337666	340.5176	70.51765	1099.482	829.4824	90	2
68	NaN	NaN	5.342787	340.5176	70.51765	1099.482	829.4824	7	2
69	2	1	0.4315043	340.5176	70.51765	1099.482	829.4824	54	2
70	4	1	0.3146275	340.5176	70.51765	1099.482	829.4824	29	2
71	NaN	NaN	6.97537	340.5176	70.51765	1099.482	829.4824	56	2
72	3	1	1.453848	340.5176	70.51765	1099.482	829.4824	64	2
73	4	1	0.4599619	340.5176	70.51765	1099.482	829.4824	78	2
74	6	1	4.660326	340.5176	70.51765	1099.482	829.4824	92	2
75	3	0	1.125476	340.5176	70.51765	1099.482	829.4824	85	2
76	4	1	0.6521649	340.5176	70.51765	1099.482	829.4824	26	2
77	4	1	2.600551	340.5176	70.51765	1099.482	829.4824	75	2
78	3	1	1.304335	340.5176	70.51765	1099.482	829.4824	59	2
79	6	1	4.263909	340.5176	70.51765	1099.482	829.4824	95	2
80	5	1	0.3737537	340.5176	70.51765	1099.482	829.4824	37	2
81	4	1	0.2366078	340.5176	70.51765	1099.482	829.4824	27	2
82	2	1	0.5083	340.5176	70.51765	1099.482	829.4824	1	2
83	1	1	0.848786	340.5176	70.51765	1099.482	829.4824	18	2
84	NaN	NaN	2.990206	340.5176	70.51765	1099.482	829.4824	88	2
85	1	1	3.866578	340.5176	70.51765	1099.482	829.4824	23	2
86	3	1	5.283235	340.5176	70.51765	1099.482	829.4824	60	2
87	3	1	0.7565991	340.5176	70.51765	1099.482	829.4824	12	2
88	5	0	0.5359317	340.5176	70.51765	1099.482	829.4824	32	2
89	2	1	0.1413964	340.5176	70.51765	1099.482	829.4824	3	2
90	4	1	0.4003335	340.5176	70.51765	1099.482	829.4824	77	2
91	1	1	0.6768782	340.5176	70.51765	1099.482	829.4824	69	2
92	NaN	NaN	0.3649134	340.5176	70.51765	1099.482	829.4824	81	2
93	6	0	0.9866016	340.5176	70.51765	1099.482	829.4824	65	2
94	5	1	0.3273815	340.5176	70.51765	1099.482	829.4824	86	2
95	3	0	0.8622227	340.5176	70.51765	1099.482	829.4824	35	2
96	5	1	0.2366206	340.5176	70.51765	1099.482	829.4824	33	2
1	6	1	4.532173	340.5176	70.51765	1099.482	829.4824	92	1
2	4	1	0.5514208	340.5176	70.51765	1099.482	829.4824	32	1
3	1	1	1.713103	340.5176	70.51765	1099.482	829.4824	68	1
4	3	0	2.061497	340.5176	70.51765	1099.482	829.4824	3	1
5	3	0	0.3781048	340.5176	70.51765	1099.482	829.4824	51	1
6	6	1	2.280839	340.5176	70.51765	1099.482	829.4824	44	1
7	4	1	0.4768802	340.5176	70.51765	1099.482	829.4824	78	1
8	1	1	0.6362436	340.5176	70.51765	1099.482	829.4824	24	1
9	2	0	0.2806364	340.5176	70.51765	1099.482	829.4824	60	1
10	4	0	0.3248607	340.5176	70.51765	1099.482	829.4824	93	1
11	1	1	0.8005431	340.5176	70.51765	1099.482	829.4824	66	1
12	1	0	1.781263	340.5176	70.51765	1099.482	829.4824	81	1
13	2	1	0.5395124	340.5176	70.51765	1099.482	829.4824	5	1
14	5	1	0.2636513	340.5176	70.51765	1099.482	829.4824	39	1
15	6	1	2.059228	340.5176	70.51765	1099.482	829.4824	46	1
16	6	1	0.4842382	340.5176	70.51765	1099.482	829.4824	41	1
17	NaN	NaN	1.328916	340.5176	70.51765	1099.482	829.4824	20	1
18	2	1	0.3599618	340.5176	70.51765	1099.482	829.4824	50	1
19	1	1	1.88334	340.5176	70.51765	1099.482	829.4824	22	1
20	NaN	NaN	3.672527	340.5176	70.51765	1099.482	829.4824	40	1
21	2	1	0.8083163	340.5176	70.51765	1099.482	829.4824	2	1
22	1	1	1.61197	340.5176	70.51765	1099.482	829.4824	65	1
23	3	0	0.6348295	340.5176	70.51765	1099.482	829.4824	52	1
24	5	0	1.938543	340.5176	70.51765	1099.482	829.4824	80	1
25	4	0	1.337834	340.5176	70.51765	1099.482	829.4824	83	1
26	4	0	0.356129	340.5176	70.51765	1099.482	829.4824	95	1
27	2	1	0.2888108	340.5176	70.51765	1099.482	829.4824	4	1
28	4	0	2.109497	340.5176	70.51765	1099.482	829.4824	43	1
29	6	1	0.9562406	340.5176	70.51765	1099.482	829.4824	48	1
30	5	0	0.4552247	340.5176	70.51765	1099.482	829.4824	69	1
31	4	1	0.3345921	340.5176	70.51765	1099.482	829.4824	73	1
32	3	1	0.6272891	340.5176	70.51765	1099.482	829.4824	57	1
33	4	0	1.352954	340.5176	70.51765	1099.482	829.4824	89	1
34	5	0	1.822583	340.5176	70.51765	1099.482	829.4824	9	1
35	2	0	0.3392959	340.5176	70.51765	1099.482	829.4824	13	1
36	4	1	0.3825807	340.5176	70.51765	1099.482	829.4824	76	1
37	6	0	2.10489	340.5176	70.51765	1099.482	829.4824	21	1
38	5	1	0.1479124	340.5176	70.51765	1099.482	829.4824	84	1
39	3	0	0.9973664	340.5176	70.51765	1099.482	829.4824	86	1
40	5	0	3.299862	340.5176	70.51765	1099.482	829.4824	56	1
41	2	1	0.451562	340.5176	70.51765	1099.482	829.4824	7	1
42	4	1	0.3231287	340.5176	70.51765	1099.482	829.4824	28	1
43	4	1	0.5157002	340.5176	70.51765	1099.482	829.4824	26	1
44	4	1	0.3437342	340.5176	70.51765	1099.482	829.4824	31	1
45	4	0	4.139061	340.5176	70.51765	1099.482	829.4824	33	1
46	5	0	4.350781	340.5176	70.51765	1099.482	829.4824	49	1
47	3	0	1.320822	340.5176	70.51765	1099.482	829.4824	85	1
48	3	1	0.6040504	340.5176	70.51765	1099.482	829.4824	10	1
49	2	0	0.1552515	340.5176	70.51765	1099.482	829.4824	63	1
50	2	1	0.7268275	340.5176	70.51765	1099.482	829.4824	54	1
51	6	1	0.3273734	340.5176	70.51765	1099.482	829.4824	45	1
52	1	1	0.371974	340.5176	70.51765	1099.482	829.4824	70	1
53	6	1	0.3685974	340.5176	70.51765	1099.482	829.4824	91	1
54	4	1	0.2427978	340.5176	70.51765	1099.482	829.4824	74	1
55	1	1	0.3752665	340.5176	70.51765	1099.482	829.4824	17	1
56	5	0	2.731168	340.5176	70.51765	1099.482	829.4824	79	1
57	NaN	NaN	3.075795	340.5176	70.51765	1099.482	829.4824	23	1
58	1	1	1.503019	340.5176	70.51765	1099.482	829.4824	18	1
59	6	0	1.517506	340.5176	70.51765	1099.482	829.4824	67	1
60	4	1	0.2434665	340.5176	70.51765	1099.482	829.4824	77	1
61	3	1	6.749278	340.5176	70.51765	1099.482	829.4824	61	1
62	4	1	0.3402477	340.5176	70.51765	1099.482	829.4824	25	1
63	3	0	3.086407	340.5176	70.51765	1099.482	829.4824	1	1
64	3	1	0.5087504	340.5176	70.51765	1099.482	829.4824	64	1
65	2	0	0.2569469	340.5176	70.51765	1099.482	829.4824	15	1
66	2	1	0.3384511	340.5176	70.51765	1099.482	829.4824	55	1
67	3	0	3.454282	340.5176	70.51765	1099.482	829.4824	35	1
68	1	1	0.7288465	340.5176	70.51765	1099.482	829.4824	72	1
69	6	1	0.8052658	340.5176	70.51765	1099.482	829.4824	94	1
70	6	1	1.728709	340.5176	70.51765	1099.482	829.4824	90	1
71	3	0	1.15553	340.5176	70.51765	1099.482	829.4824	6	1
72	5	1	0.425254	340.5176	70.51765	1099.482	829.4824	88	1
73	NaN	NaN	0.6504459	340.5176	70.51765	1099.482	829.4824	19	1
74	2	0	1.86406	340.5176	70.51765	1099.482	829.4824	34	1
75	3	1	0.7543386	340.5176	70.51765	1099.482	829.4824	11	1
76	2	1	1.576505	340.5176	70.51765	1099.482	829.4824	8	1
77	5	0	1.234535	340.5176	70.51765	1099.482	829.4824	62	1
78	4	1	0.2592705	340.5176	70.51765	1099.482	829.4824	75	1
79	3	0	1.641611	340.5176	70.51765	1099.482	829.4824	36	1
80	5	0	3.264498	340.5176	70.51765	1099.482	829.4824	53	1
81	2	0	0.1374124	340.5176	70.51765	1099.482	829.4824	16	1
82	4	1	0.18514	340.5176	70.51765	1099.482	829.4824	27	1
83	3	0	3.898061	340.5176	70.51765	1099.482	829.4824	82	1
84	6	1	1.370555	340.5176	70.51765	1099.482	829.4824	42	1
85	4	1	0.2767108	340.5176	70.51765	1099.482	829.4824	30	1
86	5	1	0.3319184	340.5176	70.51765	1099.482	829.4824	87	1
87	3	0	0.9910812	340.5176	70.51765	1099.482	829.4824	38	1
88	5	1	0.8474934	340.5176	70.51765	1099.482	829.4824	37	1
89	2	0	0.1828724	340.5176	70.51765	1099.482	829.4824	14	1
90	2	0	2.1599	340.5176	70.51765	1099.482	829.4824	59	1
91	6	1	0.4793904	340.5176	70.51765	1099.482	829.4824	96	1
92	6	1	0.2661433	340.5176	70.51765	1099.482	829.4824	47	1
93	6	0	0.6834185	340.5176	70.51765	1099.482	829.4824	71	1
94	2	0	0.9687279	340.5176	70.51765	1099.482	829.4824	58	1
95	4	1	0.5060839	340.5176	70.51765	1099.482	829.4824	29	1
96	3	1	1.847841	340.5176	70.51765	1099.482	829.4824	12	1
