1	6	1	6.329736	303.5176	4.517647	1062.482	763.4824	94	1
2	1	1	6.63366	303.5176	4.517647	1062.482	763.4824	22	1
3	6	0	10.00261	303.5176	4.517647	1062.482	763.4824	84	1
4	4	0	11.68835	303.5176	4.517647	1062.482	763.4824	59	1
5	6	0	5.194885	303.5176	4.517647	1062.482	763.4824	20	1
6	3	0	5.705749	303.5176	4.517647	1062.482	763.4824	52	1
7	1	1	5.343716	303.5176	4.517647	1062.482	763.4824	24	1
8	6	0	6.469503	303.5176	4.517647	1062.482	763.4824	3	1
9	NaN	NaN	22.96222	303.5176	4.517647	1062.482	763.4824	21	1
10	3	0	10.64013	303.5176	4.517647	1062.482	763.4824	2	1
11	6	0	3.060773	303.5176	4.517647	1062.482	763.4824	71	1
12	4	0	6.890037	303.5176	4.517647	1062.482	763.4824	58	1
13	6	1	9.268242	303.5176	4.517647	1062.482	763.4824	41	1
14	6	1	7.146484	303.5176	4.517647	1062.482	763.4824	46	1
15	NaN	NaN	7.115196	303.5176	4.517647	1062.482	763.4824	6	1
16	3	1	4.319246	303.5176	4.517647	1062.482	763.4824	14	1
17	1	0	6.825474	303.5176	4.517647	1062.482	763.4824	15	1
18	6	0	12.49988	303.5176	4.517647	1062.482	763.4824	87	1
19	NaN	NaN	6.793928	303.5176	4.517647	1062.482	763.4824	16	1
20	4	1	3.264679	303.5176	4.517647	1062.482	763.4824	79	1
21	3	0	7.503952	303.5176	4.517647	1062.482	763.4824	55	1
22	6	0	6.016039	303.5176	4.517647	1062.482	763.4824	68	1
23	NaN	NaN	27.36807	303.5176	4.517647	1062.482	763.4824	82	1
24	6	1	2.684027	303.5176	4.517647	1062.482	763.4824	42	1
25	6	1	15.06627	303.5176	4.517647	1062.482	763.4824	96	1
26	3	0	7.3487	303.5176	4.517647	1062.482	763.4824	4	1
27	6	0	1.914511	303.5176	4.517647	1062.482	763.4824	67	1
28	NaN	NaN	18.39515	303.5176	4.517647	1062.482	763.4824	19	1
29	5	0	8.322113	303.5176	4.517647	1062.482	763.4824	53	1
30	5	1	3.784608	303.5176	4.517647	1062.482	763.4824	81	1
31	6	1	2.280878	303.5176	4.517647	1062.482	763.4824	48	1
32	NaN	NaN	9.081649	303.5176	4.517647	1062.482	763.4824	86	1
33	1	0	4.414801	303.5176	4.517647	1062.482	763.4824	1	1
34	4	1	4.390039	303.5176	4.517647	1062.482	763.4824	30	1
35	3	0	5.628711	303.5176	4.517647	1062.482	763.4824	51	1
36	4	1	2.761432	303.5176	4.517647	1062.482	763.4824	29	1
37	6	0	13.75346	303.5176	4.517647	1062.482	763.4824	60	1
38	3	0	4.491618	303.5176	4.517647	1062.482	763.4824	56	1
39	1	0	2.921614	303.5176	4.517647	1062.482	763.4824	8	1
40	1	0	1.551948	303.5176	4.517647	1062.482	763.4824	54	1
41	3	0	4.902929	303.5176	4.517647	1062.482	763.4824	85	1
42	4	0	1.864059	303.5176	4.517647	1062.482	763.4824	47	1
43	6	1	2.169467	303.5176	4.517647	1062.482	763.4824	91	1
44	6	0	4.214759	303.5176	4.517647	1062.482	763.4824	77	1
45	1	0	11.34387	303.5176	4.517647	1062.482	763.4824	10	1
46	3	0	7.827146	303.5176	4.517647	1062.482	763.4824	37	1
47	NaN	NaN	8.924525	303.5176	4.517647	1062.482	763.4824	38	1
48	6	1	2.591477	303.5176	4.517647	1062.482	763.4824	89	1
49	4	1	1.629781	303.5176	4.517647	1062.482	763.4824	32	1
50	6	1	2.154603	303.5176	4.517647	1062.482	763.4824	45	1
51	3	0	13.08521	303.5176	4.517647	1062.482	763.4824	70	1
52	5	0	4.510293	303.5176	4.517647	1062.482	763.4824	49	1
53	4	1	1.79387	303.5176	4.517647	1062.482	763.4824	74	1
54	5	1	3.827225	303.5176	4.517647	1062.482	763.4824	36	1
55	4	1	1.626343	303.5176	4.517647	1062.482	763.4824	78	1
56	5	1	11.26833	303.5176	4.517647	1062.482	763.4824	39	1
57	3	1	3.365718	303.5176	4.517647	1062.482	763.4824	11	1
58	4	1	1.448266	303.5176	4.517647	1062.482	763.4824	27	1
59	3	1	5.740002	303.5176	4.517647	1062.482	763.4824	61	1
60	NaN	NaN	15.91743	303.5176	4.517647	1062.482	763.4824	50	1
61	4	1	2.031703	303.5176	4.517647	1062.482	763.4824	28	1
62	3	1	1.901823	303.5176	4.517647	1062.482	763.4824	12	1
63	6	0	2.308117	303.5176	4.517647	1062.482	763.4824	63	1
64	4	1	1.777732	303.5176	4.517647	1062.482	763.4824	26	1
65	3	1	3.09407	303.5176	4.517647	1062.482	763.4824	13	1
66	4	0	1.322913	303.5176	4.517647	1062.482	763.4824	43	1
67	6	1	1.319439	303.5176	4.517647	1062.482	763.4824	95	1
68	5	1	7.316023	303.5176	4.517647	1062.482	763.4824	34	1
69	4	1	3.027552	303.5176	4.517647	1062.482	763.4824	75	1
70	3	1	3.078532	303.5176	4.517647	1062.482	763.4824	57	1
71	NaN	NaN	23.43188	303.5176	4.517647	1062.482	763.4824	88	1
72	5	1	2.092677	303.5176	4.517647	1062.482	763.4824	83	1
73	2	1	1.806374	303.5176	4.517647	1062.482	763.4824	5	1
74	5	1	1.42239	303.5176	4.517647	1062.482	763.4824	35	1
75	6	0	4.540621	303.5176	4.517647	1062.482	763.4824	40	1
76	NaN	NaN	5.148675	303.5176	4.517647	1062.482	763.4824	18	1
77	NaN	NaN	13.40065	303.5176	4.517647	1062.482	763.4824	9	1
78	4	1	3.814572	303.5176	4.517647	1062.482	763.4824	31	1
79	1	0	5.418005	303.5176	4.517647	1062.482	763.4824	33	1
80	6	0	6.2245	303.5176	4.517647	1062.482	763.4824	65	1
81	6	1	3.378858	303.5176	4.517647	1062.482	763.4824	90	1
82	4	0	1.475653	303.5176	4.517647	1062.482	763.4824	92	1
83	6	1	1.426843	303.5176	4.517647	1062.482	763.4824	44	1
84	NaN	NaN	8.768949	303.5176	4.517647	1062.482	763.4824	62	1
85	6	0	5.453245	303.5176	4.517647	1062.482	763.4824	69	1
86	5	0	2.465006	303.5176	4.517647	1062.482	763.4824	72	1
87	1	1	3.37484	303.5176	4.517647	1062.482	763.4824	17	1
88	4	1	3.232745	303.5176	4.517647	1062.482	763.4824	80	1
89	4	1	1.419243	303.5176	4.517647	1062.482	763.4824	25	1
90	4	1	4.232379	303.5176	4.517647	1062.482	763.4824	73	1
91	6	1	1.298995	303.5176	4.517647	1062.482	763.4824	93	1
92	5	0	4.547298	303.5176	4.517647	1062.482	763.4824	7	1
93	4	1	3.085682	303.5176	4.517647	1062.482	763.4824	76	1
94	6	0	2.035115	303.5176	4.517647	1062.482	763.4824	23	1
95	1	1	1.977707	303.5176	4.517647	1062.482	763.4824	66	1
96	3	1	2.133782	303.5176	4.517647	1062.482	763.4824	64	1
