1	4	1	22.06049	303.5176	4.517647	1062.482	763.4824	32	1
2	5	1	2.953371	303.5176	4.517647	1062.482	763.4824	40	1
3	NaN	NaN	8.814114	303.5176	4.517647	1062.482	763.4824	22	1
4	5	1	24.77488	303.5176	4.517647	1062.482	763.4824	34	1
5	4	0	4.988037	303.5176	4.517647	1062.482	763.4824	92	1
6	6	1	20.26339	303.5176	4.517647	1062.482	763.4824	91	1
7	3	0	30.67852	303.5176	4.517647	1062.482	763.4824	35	1
8	5	0	4.268689	303.5176	4.517647	1062.482	763.4824	6	1
9	3	0	8.784642	303.5176	4.517647	1062.482	763.4824	55	1
10	1	0	5.719285	303.5176	4.517647	1062.482	763.4824	3	1
11	4	0	5.284968	303.5176	4.517647	1062.482	763.4824	96	1
12	6	0	6.764869	303.5176	4.517647	1062.482	763.4824	68	1
13	NaN	NaN	9.093905	303.5176	4.517647	1062.482	763.4824	16	1
14	6	0	9.409503	303.5176	4.517647	1062.482	763.4824	69	1
15	3	1	4.21409	303.5176	4.517647	1062.482	763.4824	11	1
16	NaN	NaN	171.2729	303.5176	4.517647	1062.482	763.4824	54	1
17	4	1	5.66028	303.5176	4.517647	1062.482	763.4824	30	1
18	4	0	7.782319	303.5176	4.517647	1062.482	763.4824	45	1
19	6	0	2.805339	303.5176	4.517647	1062.482	763.4824	77	1
20	5	0	7.550928	303.5176	4.517647	1062.482	763.4824	60	1
21	NaN	NaN	9.58082	303.5176	4.517647	1062.482	763.4824	74	1
22	4	1	7.323663	303.5176	4.517647	1062.482	763.4824	78	1
23	6	0	4.808092	303.5176	4.517647	1062.482	763.4824	72	1
24	5	0	3.166442	303.5176	4.517647	1062.482	763.4824	62	1
25	3	0	6.007256	303.5176	4.517647	1062.482	763.4824	70	1
26	NaN	NaN	8.432422	303.5176	4.517647	1062.482	763.4824	51	1
27	3	0	8.817504	303.5176	4.517647	1062.482	763.4824	33	1
28	5	0	7.3036	303.5176	4.517647	1062.482	763.4824	7	1
29	NaN	NaN	39.43231	303.5176	4.517647	1062.482	763.4824	86	1
30	3	0	3.077022	303.5176	4.517647	1062.482	763.4824	38	1
31	6	0	5.345646	303.5176	4.517647	1062.482	763.4824	58	1
32	NaN	NaN	10.83617	303.5176	4.517647	1062.482	763.4824	76	1
33	3	0	6.41809	303.5176	4.517647	1062.482	763.4824	81	1
34	4	0	6.312341	303.5176	4.517647	1062.482	763.4824	89	1
35	6	1	4.80724	303.5176	4.517647	1062.482	763.4824	42	1
36	4	1	5.923589	303.5176	4.517647	1062.482	763.4824	28	1
37	5	0	6.742097	303.5176	4.517647	1062.482	763.4824	17	1
38	NaN	NaN	12.85895	303.5176	4.517647	1062.482	763.4824	41	1
39	1	0	9.659464	303.5176	4.517647	1062.482	763.4824	47	1
40	4	1	3.992193	303.5176	4.517647	1062.482	763.4824	80	1
41	2	0	8.542826	303.5176	4.517647	1062.482	763.4824	14	1
42	4	0	4.610073	303.5176	4.517647	1062.482	763.4824	46	1
43	3	0	4.553163	303.5176	4.517647	1062.482	763.4824	56	1
44	NaN	NaN	8.157645	303.5176	4.517647	1062.482	763.4824	63	1
45	4	0	6.938435	303.5176	4.517647	1062.482	763.4824	93	1
46	5	0	500.3715	303.5176	4.517647	1062.482	763.4824	8	1
47	6	0	6.067564	303.5176	4.517647	1062.482	763.4824	67	1
48	NaN	NaN	9.236539	303.5176	4.517647	1062.482	763.4824	84	1
49	6	1	6.001855	303.5176	4.517647	1062.482	763.4824	90	1
50	5	1	4.309092	303.5176	4.517647	1062.482	763.4824	83	1
51	3	1	7.157174	303.5176	4.517647	1062.482	763.4824	59	1
52	4	1	4.037173	303.5176	4.517647	1062.482	763.4824	79	1
53	3	0	5.666844	303.5176	4.517647	1062.482	763.4824	5	1
54	6	1	6.028263	303.5176	4.517647	1062.482	763.4824	48	1
55	5	0	3.723603	303.5176	4.517647	1062.482	763.4824	53	1
56	4	1	4.420386	303.5176	4.517647	1062.482	763.4824	29	1
57	NaN	NaN	30.92529	303.5176	4.517647	1062.482	763.4824	21	1
58	4	1	13.92185	303.5176	4.517647	1062.482	763.4824	25	1
59	3	0	15.7472	303.5176	4.517647	1062.482	763.4824	52	1
60	NaN	NaN	9.272894	303.5176	4.517647	1062.482	763.4824	37	1
61	5	0	4.767623	303.5176	4.517647	1062.482	763.4824	64	1
62	4	1	6.365245	303.5176	4.517647	1062.482	763.4824	31	1
63	NaN	NaN	7.079297	303.5176	4.517647	1062.482	763.4824	49	1
64	4	1	4.349577	303.5176	4.517647	1062.482	763.4824	27	1
65	2	0	3.629625	303.5176	4.517647	1062.482	763.4824	61	1
66	5	1	3.975728	303.5176	4.517647	1062.482	763.4824	88	1
67	3	0	4.471929	303.5176	4.517647	1062.482	763.4824	50	1
68	6	0	8.40121	303.5176	4.517647	1062.482	763.4824	87	1
69	4	1	9.086916	303.5176	4.517647	1062.482	763.4824	26	1
70	4	0	5.564623	303.5176	4.517647	1062.482	763.4824	43	1
71	3	0	5.352212	303.5176	4.517647	1062.482	763.4824	94	1
72	5	0	8.377891	303.5176	4.517647	1062.482	763.4824	19	1
73	6	1	6.495237	303.5176	4.517647	1062.482	763.4824	44	1
74	1	0	3.184002	303.5176	4.517647	1062.482	763.4824	15	1
75	4	1	3.50785	303.5176	4.517647	1062.482	763.4824	73	1
76	6	0	5.738346	303.5176	4.517647	1062.482	763.4824	1	1
77	4	0	10.6695	303.5176	4.517647	1062.482	763.4824	36	1
78	3	0	3.013381	303.5176	4.517647	1062.482	763.4824	82	1
79	2	0	6.577587	303.5176	4.517647	1062.482	763.4824	71	1
80	1	1	5.385704	303.5176	4.517647	1062.482	763.4824	23	1
81	6	0	6.819476	303.5176	4.517647	1062.482	763.4824	65	1
82	5	0	3.582725	303.5176	4.517647	1062.482	763.4824	2	1
83	3	0	57.78678	303.5176	4.517647	1062.482	763.4824	4	1
84	6	0	2.595302	303.5176	4.517647	1062.482	763.4824	18	1
85	5	1	3.887618	303.5176	4.517647	1062.482	763.4824	85	1
86	4	1	3.770249	303.5176	4.517647	1062.482	763.4824	75	1
87	1	1	3.662908	303.5176	4.517647	1062.482	763.4824	24	1
88	6	1	3.694743	303.5176	4.517647	1062.482	763.4824	95	1
89	NaN	NaN	6.374306	303.5176	4.517647	1062.482	763.4824	39	1
90	5	0	3.587516	303.5176	4.517647	1062.482	763.4824	13	1
91	3	1	6.880761	303.5176	4.517647	1062.482	763.4824	9	1
92	4	0	3.887667	303.5176	4.517647	1062.482	763.4824	66	1
93	NaN	NaN	9.449901	303.5176	4.517647	1062.482	763.4824	20	1
94	3	1	5.247649	303.5176	4.517647	1062.482	763.4824	57	1
95	5	0	3.936083	303.5176	4.517647	1062.482	763.4824	10	1
96	6	0	7.579702	303.5176	4.517647	1062.482	763.4824	12	1
1	6	0	5.0918	303.5176	4.517647	1062.482	763.4824	32	3
2	3	0	3.62501	303.5176	4.517647	1062.482	763.4824	40	3
3	5	0	5.546174	303.5176	4.517647	1062.482	763.4824	22	3
4	NaN	NaN	6.180107	303.5176	4.517647	1062.482	763.4824	34	3
5	6	1	2.134695	303.5176	4.517647	1062.482	763.4824	92	3
6	1	0	3.773411	303.5176	4.517647	1062.482	763.4824	91	3
7	2	0	3.148308	303.5176	4.517647	1062.482	763.4824	35	3
8	5	0	4.881641	303.5176	4.517647	1062.482	763.4824	6	3
9	3	0	6.679767	303.5176	4.517647	1062.482	763.4824	55	3
10	3	0	2.491557	303.5176	4.517647	1062.482	763.4824	3	3
11	6	1	2.587367	303.5176	4.517647	1062.482	763.4824	96	3
12	NaN	NaN	14.76075	303.5176	4.517647	1062.482	763.4824	68	3
13	2	0	3.972882	303.5176	4.517647	1062.482	763.4824	16	3
14	1	1	4.970969	303.5176	4.517647	1062.482	763.4824	69	3
15	3	1	4.870103	303.5176	4.517647	1062.482	763.4824	11	3
16	5	0	4.835724	303.5176	4.517647	1062.482	763.4824	54	3
17	4	1	4.732459	303.5176	4.517647	1062.482	763.4824	30	3
18	NaN	NaN	5.568053	303.5176	4.517647	1062.482	763.4824	45	3
19	6	0	7.438768	303.5176	4.517647	1062.482	763.4824	77	3
20	5	0	4.005573	303.5176	4.517647	1062.482	763.4824	60	3
21	NaN	NaN	8.663852	303.5176	4.517647	1062.482	763.4824	74	3
22	4	1	6.030633	303.5176	4.517647	1062.482	763.4824	78	3
23	6	0	4.291727	303.5176	4.517647	1062.482	763.4824	72	3
24	5	0	4.147093	303.5176	4.517647	1062.482	763.4824	62	3
25	6	0	5.413485	303.5176	4.517647	1062.482	763.4824	70	3
26	5	0	4.648022	303.5176	4.517647	1062.482	763.4824	51	3
27	1	0	5.133964	303.5176	4.517647	1062.482	763.4824	33	3
28	NaN	NaN	7.83463	303.5176	4.517647	1062.482	763.4824	7	3
29	6	0	7.049088	303.5176	4.517647	1062.482	763.4824	86	3
30	1	0	3.741467	303.5176	4.517647	1062.482	763.4824	38	3
31	3	1	3.588602	303.5176	4.517647	1062.482	763.4824	58	3
32	2	0	5.474294	303.5176	4.517647	1062.482	763.4824	76	3
33	5	1	4.914393	303.5176	4.517647	1062.482	763.4824	81	3
34	4	0	4.073827	303.5176	4.517647	1062.482	763.4824	89	3
35	NaN	NaN	4.931947	303.5176	4.517647	1062.482	763.4824	42	3
36	4	1	4.833955	303.5176	4.517647	1062.482	763.4824	28	3
37	5	0	5.363967	303.5176	4.517647	1062.482	763.4824	17	3
38	6	1	4.507753	303.5176	4.517647	1062.482	763.4824	41	3
39	NaN	NaN	6.13695	303.5176	4.517647	1062.482	763.4824	47	3
40	5	0	5.469739	303.5176	4.517647	1062.482	763.4824	80	3
41	2	0	6.737918	303.5176	4.517647	1062.482	763.4824	14	3
42	4	0	3.62056	303.5176	4.517647	1062.482	763.4824	46	3
43	6	0	5.042258	303.5176	4.517647	1062.482	763.4824	56	3
44	NaN	NaN	9.30743	303.5176	4.517647	1062.482	763.4824	63	3
45	6	1	3.718804	303.5176	4.517647	1062.482	763.4824	93	3
46	5	0	4.140047	303.5176	4.517647	1062.482	763.4824	8	3
47	1	1	2.031882	303.5176	4.517647	1062.482	763.4824	67	3
48	2	0	3.21745	303.5176	4.517647	1062.482	763.4824	84	3
49	6	1	2.3209	303.5176	4.517647	1062.482	763.4824	90	3
50	5	1	1.580123	303.5176	4.517647	1062.482	763.4824	83	3
51	3	1	2.106728	303.5176	4.517647	1062.482	763.4824	59	3
52	4	1	1.547895	303.5176	4.517647	1062.482	763.4824	79	3
53	2	1	2.306004	303.5176	4.517647	1062.482	763.4824	5	3
54	6	1	3.453731	303.5176	4.517647	1062.482	763.4824	48	3
55	5	0	2.732914	303.5176	4.517647	1062.482	763.4824	53	3
56	3	0	5.010475	303.5176	4.517647	1062.482	763.4824	29	3
57	NaN	NaN	5.800804	303.5176	4.517647	1062.482	763.4824	21	3
58	4	1	2.661182	303.5176	4.517647	1062.482	763.4824	25	3
59	3	0	1.763083	303.5176	4.517647	1062.482	763.4824	52	3
60	NaN	NaN	5.82179	303.5176	4.517647	1062.482	763.4824	37	3
61	1	0	4.608068	303.5176	4.517647	1062.482	763.4824	64	3
62	4	1	6.212177	303.5176	4.517647	1062.482	763.4824	31	3
63	5	0	2.650737	303.5176	4.517647	1062.482	763.4824	49	3
64	NaN	NaN	8.257706	303.5176	4.517647	1062.482	763.4824	27	3
65	2	0	5.097801	303.5176	4.517647	1062.482	763.4824	61	3
66	5	1	3.692785	303.5176	4.517647	1062.482	763.4824	88	3
67	2	1	5.63667	303.5176	4.517647	1062.482	763.4824	50	3
68	NaN	NaN	13.71803	303.5176	4.517647	1062.482	763.4824	87	3
69	4	1	3.287967	303.5176	4.517647	1062.482	763.4824	26	3
70	6	1	3.460539	303.5176	4.517647	1062.482	763.4824	43	3
71	NaN	NaN	6.865609	303.5176	4.517647	1062.482	763.4824	94	3
72	1	1	1.604743	303.5176	4.517647	1062.482	763.4824	19	3
73	2	0	2.834276	303.5176	4.517647	1062.482	763.4824	44	3
74	5	0	3.593105	303.5176	4.517647	1062.482	763.4824	15	3
75	4	1	2.481756	303.5176	4.517647	1062.482	763.4824	73	3
76	6	0	11.88259	303.5176	4.517647	1062.482	763.4824	1	3
77	NaN	NaN	12.52134	303.5176	4.517647	1062.482	763.4824	36	3
78	6	0	6.308328	303.5176	4.517647	1062.482	763.4824	82	3
79	1	1	1.904723	303.5176	4.517647	1062.482	763.4824	71	3
80	5	0	5.877962	303.5176	4.517647	1062.482	763.4824	23	3
81	4	0	3.025268	303.5176	4.517647	1062.482	763.4824	65	3
82	3	0	3.679771	303.5176	4.517647	1062.482	763.4824	2	3
83	2	1	3.232458	303.5176	4.517647	1062.482	763.4824	4	3
84	6	0	6.435565	303.5176	4.517647	1062.482	763.4824	18	3
85	4	0	4.558549	303.5176	4.517647	1062.482	763.4824	85	3
86	4	1	2.805959	303.5176	4.517647	1062.482	763.4824	75	3
87	3	0	2.140356	303.5176	4.517647	1062.482	763.4824	24	3
88	6	1	4.588845	303.5176	4.517647	1062.482	763.4824	95	3
89	2	0	5.239837	303.5176	4.517647	1062.482	763.4824	39	3
90	1	0	2.31764	303.5176	4.517647	1062.482	763.4824	13	3
91	5	0	2.624801	303.5176	4.517647	1062.482	763.4824	9	3
92	6	0	5.406087	303.5176	4.517647	1062.482	763.4824	66	3
93	NaN	NaN	3.988823	303.5176	4.517647	1062.482	763.4824	20	3
94	5	0	5.048643	303.5176	4.517647	1062.482	763.4824	57	3
95	1	0	2.352755	303.5176	4.517647	1062.482	763.4824	10	3
96	2	0	4.292407	303.5176	4.517647	1062.482	763.4824	12	3
1	5	1	2.247644	303.5176	4.517647	1062.482	763.4824	34	2
2	5	0	1.705242	303.5176	4.517647	1062.482	763.4824	11	2
3	5	0	8.973488	303.5176	4.517647	1062.482	763.4824	19	2
4	2	0	3.625547	303.5176	4.517647	1062.482	763.4824	15	2
5	2	1	3.22705	303.5176	4.517647	1062.482	763.4824	7	2
6	3	0	4.753857	303.5176	4.517647	1062.482	763.4824	22	2
7	2	0	3.435855	303.5176	4.517647	1062.482	763.4824	17	2
8	5	1	2.499471	303.5176	4.517647	1062.482	763.4824	81	2
9	5	0	5.655911	303.5176	4.517647	1062.482	763.4824	72	2
10	4	1	2.211829	303.5176	4.517647	1062.482	763.4824	31	2
11	2	0	3.272849	303.5176	4.517647	1062.482	763.4824	84	2
12	6	0	6.074854	303.5176	4.517647	1062.482	763.4824	33	2
13	NaN	NaN	6.431189	303.5176	4.517647	1062.482	763.4824	68	2
14	3	0	4.474707	303.5176	4.517647	1062.482	763.4824	24	2
15	3	1	1.678775	303.5176	4.517647	1062.482	763.4824	14	2
16	3	0	7.609022	303.5176	4.517647	1062.482	763.4824	43	2
17	2	0	2.282943	303.5176	4.517647	1062.482	763.4824	75	2
18	2	0	2.689328	303.5176	4.517647	1062.482	763.4824	27	2
19	5	0	12.85233	303.5176	4.517647	1062.482	763.4824	28	2
20	4	0	1.779491	303.5176	4.517647	1062.482	763.4824	93	2
21	3	0	4.313119	303.5176	4.517647	1062.482	763.4824	94	2
22	3	0	5.44469	303.5176	4.517647	1062.482	763.4824	44	2
23	2	0	3.568481	303.5176	4.517647	1062.482	763.4824	69	2
24	5	0	2.953567	303.5176	4.517647	1062.482	763.4824	64	2
25	3	0	3.402446	303.5176	4.517647	1062.482	763.4824	23	2
26	4	1	12.38842	303.5176	4.517647	1062.482	763.4824	79	2
27	5	0	3.1988	303.5176	4.517647	1062.482	763.4824	51	2
28	2	0	3.37084	303.5176	4.517647	1062.482	763.4824	32	2
29	1	0	3.805909	303.5176	4.517647	1062.482	763.4824	39	2
30	2	0	4.016898	303.5176	4.517647	1062.482	763.4824	18	2
31	6	1	4.36939	303.5176	4.517647	1062.482	763.4824	41	2
32	1	0	3.858423	303.5176	4.517647	1062.482	763.4824	2	2
33	2	1	2.512772	303.5176	4.517647	1062.482	763.4824	52	2
34	NaN	NaN	3.920525	303.5176	4.517647	1062.482	763.4824	71	2
35	5	0	2.983397	303.5176	4.517647	1062.482	763.4824	21	2
36	6	0	3.606952	303.5176	4.517647	1062.482	763.4824	50	2
37	3	0	5.906311	303.5176	4.517647	1062.482	763.4824	40	2
38	1	0	1.558998	303.5176	4.517647	1062.482	763.4824	6	2
39	2	0	2.878154	303.5176	4.517647	1062.482	763.4824	36	2
40	2	0	4.039682	303.5176	4.517647	1062.482	763.4824	77	2
41	5	0	4.513968	303.5176	4.517647	1062.482	763.4824	54	2
42	NaN	NaN	5.890379	303.5176	4.517647	1062.482	763.4824	87	2
43	3	0	2.657874	303.5176	4.517647	1062.482	763.4824	65	2
44	4	1	2.596708	303.5176	4.517647	1062.482	763.4824	29	2
45	5	0	2.402077	303.5176	4.517647	1062.482	763.4824	53	2
46	NaN	NaN	6.244326	303.5176	4.517647	1062.482	763.4824	55	2
47	3	0	2.10188	303.5176	4.517647	1062.482	763.4824	8	2
48	5	0	4.475317	303.5176	4.517647	1062.482	763.4824	78	2
49	1	0	3.708124	303.5176	4.517647	1062.482	763.4824	3	2
50	4	1	5.633632	303.5176	4.517647	1062.482	763.4824	25	2
51	5	0	1.589173	303.5176	4.517647	1062.482	763.4824	66	2
52	4	0	2.15083	303.5176	4.517647	1062.482	763.4824	95	2
53	3	0	1.749389	303.5176	4.517647	1062.482	763.4824	88	2
54	2	0	2.809323	303.5176	4.517647	1062.482	763.4824	74	2
55	NaN	NaN	12.0403	303.5176	4.517647	1062.482	763.4824	9	2
56	2	0	4.864828	303.5176	4.517647	1062.482	763.4824	96	2
57	3	1	5.301221	303.5176	4.517647	1062.482	763.4824	59	2
58	1	1	4.515144	303.5176	4.517647	1062.482	763.4824	20	2
59	1	0	2.958303	303.5176	4.517647	1062.482	763.4824	42	2
60	6	0	3.63891	303.5176	4.517647	1062.482	763.4824	26	2
61	2	0	2.87723	303.5176	4.517647	1062.482	763.4824	45	2
62	2	0	2.718589	303.5176	4.517647	1062.482	763.4824	85	2
63	5	0	2.772567	303.5176	4.517647	1062.482	763.4824	61	2
64	NaN	NaN	160.5156	303.5176	4.517647	1062.482	763.4824	89	2
65	5	0	2.188604	303.5176	4.517647	1062.482	763.4824	5	2
66	3	0	2.75714	303.5176	4.517647	1062.482	763.4824	91	2
67	2	0	2.048263	303.5176	4.517647	1062.482	763.4824	10	2
68	1	0	2.209633	303.5176	4.517647	1062.482	763.4824	35	2
69	6	0	2.097834	303.5176	4.517647	1062.482	763.4824	13	2
70	2	0	2.325408	303.5176	4.517647	1062.482	763.4824	92	2
71	1	0	2.795912	303.5176	4.517647	1062.482	763.4824	83	2
72	1	0	2.132655	303.5176	4.517647	1062.482	763.4824	16	2
73	2	1	2.006601	303.5176	4.517647	1062.482	763.4824	56	2
74	5	0	3.945074	303.5176	4.517647	1062.482	763.4824	47	2
75	2	0	4.4492	303.5176	4.517647	1062.482	763.4824	48	2
76	6	0	4.979356	303.5176	4.517647	1062.482	763.4824	49	2
77	4	1	2.898877	303.5176	4.517647	1062.482	763.4824	76	2
78	2	0	1.747483	303.5176	4.517647	1062.482	763.4824	57	2
79	NaN	NaN	6.4742	303.5176	4.517647	1062.482	763.4824	82	2
80	3	0	5.885817	303.5176	4.517647	1062.482	763.4824	80	2
81	2	0	2.619367	303.5176	4.517647	1062.482	763.4824	12	2
82	4	0	2.058336	303.5176	4.517647	1062.482	763.4824	90	2
83	3	0	1.004084	303.5176	4.517647	1062.482	763.4824	4	2
84	4	0	3.024396	303.5176	4.517647	1062.482	763.4824	67	2
85	6	0	2.397421	303.5176	4.517647	1062.482	763.4824	70	2
86	3	1	0.9123866	303.5176	4.517647	1062.482	763.4824	60	2
87	NaN	NaN	5.257152	303.5176	4.517647	1062.482	763.4824	73	2
88	3	0	0.8080977	303.5176	4.517647	1062.482	763.4824	1	2
89	2	0	0.9383563	303.5176	4.517647	1062.482	763.4824	62	2
90	5	1	2.220976	303.5176	4.517647	1062.482	763.4824	38	2
91	3	0	2.838136	303.5176	4.517647	1062.482	763.4824	46	2
92	4	1	0.2567393	303.5176	4.517647	1062.482	763.4824	30	2
93	NaN	NaN	4.081561	303.5176	4.517647	1062.482	763.4824	63	2
94	1	0	2.047073	303.5176	4.517647	1062.482	763.4824	86	2
95	2	0	2.463433	303.5176	4.517647	1062.482	763.4824	58	2
96	6	0	3.601996	303.5176	4.517647	1062.482	763.4824	37	2
