1	3	1	8.755211	340.5176	70.51765	1099.482	829.4824	62	1
2	3	1	17.38495	340.5176	70.51765	1099.482	829.4824	60	1
3	6	0	3.941684	340.5176	70.51765	1099.482	829.4824	56	1
4	5	0	10.18705	340.5176	70.51765	1099.482	829.4824	52	1
5	6	0	2.674521	340.5176	70.51765	1099.482	829.4824	66	1
6	1	1	4.95362	340.5176	70.51765	1099.482	829.4824	21	1
7	2	0	10.23049	340.5176	70.51765	1099.482	829.4824	82	1
8	3	1	18.13565	340.5176	70.51765	1099.482	829.4824	59	1
9	6	0	1.723416	340.5176	70.51765	1099.482	829.4824	18	1
10	6	1	6.791601	340.5176	70.51765	1099.482	829.4824	89	1
11	4	1	3.923539	340.5176	70.51765	1099.482	829.4824	76	1
12	4	1	2.159076	340.5176	70.51765	1099.482	829.4824	28	1
13	5	1	11.77238	340.5176	70.51765	1099.482	829.4824	86	1
14	NaN	NaN	11.08448	340.5176	70.51765	1099.482	829.4824	22	1
15	5	1	8.801023	340.5176	70.51765	1099.482	829.4824	38	1
16	4	1	1.819607	340.5176	70.51765	1099.482	829.4824	77	1
17	NaN	NaN	9.48174	340.5176	70.51765	1099.482	829.4824	34	1
18	2	1	3.290472	340.5176	70.51765	1099.482	829.4824	51	1
19	3	1	4.067073	340.5176	70.51765	1099.482	829.4824	61	1
20	4	0	2.69076	340.5176	70.51765	1099.482	829.4824	42	1
21	4	1	1.416463	340.5176	70.51765	1099.482	829.4824	27	1
22	6	0	4.552239	340.5176	70.51765	1099.482	829.4824	71	1
23	6	0	4.375235	340.5176	70.51765	1099.482	829.4824	24	1
24	6	0	3.863561	340.5176	70.51765	1099.482	829.4824	67	1
25	1	0	7.801347	340.5176	70.51765	1099.482	829.4824	41	1
26	2	0	1.751307	340.5176	70.51765	1099.482	829.4824	14	1
27	4	1	1.077216	340.5176	70.51765	1099.482	829.4824	74	1
28	2	1	2.216697	340.5176	70.51765	1099.482	829.4824	49	1
29	4	1	1.578899	340.5176	70.51765	1099.482	829.4824	79	1
30	4	0	4.89392	340.5176	70.51765	1099.482	829.4824	90	1
31	6	0	3.050554	340.5176	70.51765	1099.482	829.4824	65	1
32	2	1	2.614509	340.5176	70.51765	1099.482	829.4824	3	1
33	6	0	2.387499	340.5176	70.51765	1099.482	829.4824	72	1
34	3	0	4.07103	340.5176	70.51765	1099.482	829.4824	35	1
35	3	0	8.146337	340.5176	70.51765	1099.482	829.4824	2	1
36	4	1	1.526245	340.5176	70.51765	1099.482	829.4824	73	1
37	2	1	6.941445	340.5176	70.51765	1099.482	829.4824	6	1
38	2	1	11.68604	340.5176	70.51765	1099.482	829.4824	50	1
39	4	1	2.991817	340.5176	70.51765	1099.482	829.4824	25	1
40	3	1	8.457881	340.5176	70.51765	1099.482	829.4824	15	1
41	5	1	11.4509	340.5176	70.51765	1099.482	829.4824	83	1
42	5	1	4.897595	340.5176	70.51765	1099.482	829.4824	84	1
43	1	0	4.106538	340.5176	70.51765	1099.482	829.4824	96	1
44	5	1	1.685408	340.5176	70.51765	1099.482	829.4824	39	1
45	5	1	2.285821	340.5176	70.51765	1099.482	829.4824	87	1
46	3	1	2.644062	340.5176	70.51765	1099.482	829.4824	16	1
47	2	0	12.51529	340.5176	70.51765	1099.482	829.4824	10	1
48	4	1	1.051372	340.5176	70.51765	1099.482	829.4824	30	1
49	2	1	60.07897	340.5176	70.51765	1099.482	829.4824	8	1
50	2	1	20.00588	340.5176	70.51765	1099.482	829.4824	54	1
51	2	1	2.322702	340.5176	70.51765	1099.482	829.4824	1	1
52	2	0	1.408755	340.5176	70.51765	1099.482	829.4824	9	1
53	3	1	2.762503	340.5176	70.51765	1099.482	829.4824	63	1
54	4	1	1.581742	340.5176	70.51765	1099.482	829.4824	75	1
55	3	1	2.520597	340.5176	70.51765	1099.482	829.4824	13	1
56	4	1	1.073785	340.5176	70.51765	1099.482	829.4824	78	1
57	6	0	2.746476	340.5176	70.51765	1099.482	829.4824	23	1
58	3	1	2.164126	340.5176	70.51765	1099.482	829.4824	11	1
59	6	1	3.050874	340.5176	70.51765	1099.482	829.4824	93	1
60	6	1	4.26576	340.5176	70.51765	1099.482	829.4824	47	1
61	5	1	7.636162	340.5176	70.51765	1099.482	829.4824	88	1
62	6	0	2.248327	340.5176	70.51765	1099.482	829.4824	69	1
63	6	1	1.384851	340.5176	70.51765	1099.482	829.4824	46	1
64	4	1	1.105683	340.5176	70.51765	1099.482	829.4824	32	1
65	3	0	6.319667	340.5176	70.51765	1099.482	829.4824	81	1
66	5	1	8.259231	340.5176	70.51765	1099.482	829.4824	85	1
67	4	0	2.747688	340.5176	70.51765	1099.482	829.4824	92	1
68	6	1	3.630604	340.5176	70.51765	1099.482	829.4824	45	1
69	4	0	6.458671	340.5176	70.51765	1099.482	829.4824	68	1
70	4	0	1.259227	340.5176	70.51765	1099.482	829.4824	44	1
71	6	0	4.495913	340.5176	70.51765	1099.482	829.4824	17	1
72	4	1	2.434221	340.5176	70.51765	1099.482	829.4824	80	1
73	6	0	6.647756	340.5176	70.51765	1099.482	829.4824	36	1
74	5	0	11.38985	340.5176	70.51765	1099.482	829.4824	20	1
75	4	1	1.03522	340.5176	70.51765	1099.482	829.4824	31	1
76	6	1	1.761043	340.5176	70.51765	1099.482	829.4824	91	1
77	3	1	3.227908	340.5176	70.51765	1099.482	829.4824	64	1
78	4	1	1.572886	340.5176	70.51765	1099.482	829.4824	29	1
79	6	0	2.982838	340.5176	70.51765	1099.482	829.4824	19	1
80	3	1	2.81269	340.5176	70.51765	1099.482	829.4824	12	1
81	3	1	2.084887	340.5176	70.51765	1099.482	829.4824	58	1
82	6	1	2.80477	340.5176	70.51765	1099.482	829.4824	94	1
83	6	0	1.266098	340.5176	70.51765	1099.482	829.4824	70	1
84	4	1	1.156629	340.5176	70.51765	1099.482	829.4824	26	1
85	6	1	2.219381	340.5176	70.51765	1099.482	829.4824	48	1
86	6	1	2.794657	340.5176	70.51765	1099.482	829.4824	95	1
87	2	0	1.842646	340.5176	70.51765	1099.482	829.4824	57	1
88	5	1	2.120334	340.5176	70.51765	1099.482	829.4824	40	1
89	6	1	4.165103	340.5176	70.51765	1099.482	829.4824	43	1
90	2	1	8.479921	340.5176	70.51765	1099.482	829.4824	55	1
91	2	1	2.622648	340.5176	70.51765	1099.482	829.4824	53	1
92	5	1	9.153345	340.5176	70.51765	1099.482	829.4824	37	1
93	2	1	4.421008	340.5176	70.51765	1099.482	829.4824	7	1
94	6	0	8.616817	340.5176	70.51765	1099.482	829.4824	4	1
95	2	0	2.285335	340.5176	70.51765	1099.482	829.4824	33	1
96	2	1	4.013488	340.5176	70.51765	1099.482	829.4824	5	1
1	1	0	5.571996	340.5176	70.51765	1099.482	829.4824	5	3
2	2	1	1.244915	340.5176	70.51765	1099.482	829.4824	51	3
3	6	1	2.135634	340.5176	70.51765	1099.482	829.4824	96	3
4	5	1	2.206181	340.5176	70.51765	1099.482	829.4824	88	3
5	3	1	4.92689	340.5176	70.51765	1099.482	829.4824	58	3
6	1	0	1.525316	340.5176	70.51765	1099.482	829.4824	63	3
7	4	0	3.999895	340.5176	70.51765	1099.482	829.4824	37	3
8	4	1	2.891677	340.5176	70.51765	1099.482	829.4824	27	3
9	4	1	0.5689216	340.5176	70.51765	1099.482	829.4824	28	3
10	1	0	1.696957	340.5176	70.51765	1099.482	829.4824	62	3
11	5	1	3.335659	340.5176	70.51765	1099.482	829.4824	34	3
12	NaN	NaN	6.312205	340.5176	70.51765	1099.482	829.4824	60	3
13	1	0	2.088163	340.5176	70.51765	1099.482	829.4824	48	3
14	2	1	1.869001	340.5176	70.51765	1099.482	829.4824	1	3
15	6	1	3.791996	340.5176	70.51765	1099.482	829.4824	41	3
16	1	0	4.311939	340.5176	70.51765	1099.482	829.4824	2	3
17	3	1	4.405864	340.5176	70.51765	1099.482	829.4824	57	3
18	5	0	3.781389	340.5176	70.51765	1099.482	829.4824	16	3
19	6	0	2.955074	340.5176	70.51765	1099.482	829.4824	35	3
20	6	0	1.297832	340.5176	70.51765	1099.482	829.4824	71	3
21	6	1	3.986348	340.5176	70.51765	1099.482	829.4824	89	3
22	4	0	1.432531	340.5176	70.51765	1099.482	829.4824	45	3
23	4	0	8.893379	340.5176	70.51765	1099.482	829.4824	4	3
24	4	0	1.157897	340.5176	70.51765	1099.482	829.4824	42	3
25	2	1	1.381001	340.5176	70.51765	1099.482	829.4824	49	3
26	6	0	1.810379	340.5176	70.51765	1099.482	829.4824	67	3
27	6	1	0.939883	340.5176	70.51765	1099.482	829.4824	91	3
28	4	1	0.642077	340.5176	70.51765	1099.482	829.4824	76	3
29	4	1	1.450649	340.5176	70.51765	1099.482	829.4824	79	3
30	2	1	6.57697	340.5176	70.51765	1099.482	829.4824	53	3
31	2	0	1.44775	340.5176	70.51765	1099.482	829.4824	81	3
32	3	1	3.403736	340.5176	70.51765	1099.482	829.4824	15	3
33	1	0	1.794426	340.5176	70.51765	1099.482	829.4824	80	3
34	5	0	4.697583	340.5176	70.51765	1099.482	829.4824	54	3
35	5	1	1.191352	340.5176	70.51765	1099.482	829.4824	40	3
36	1	0	17.68295	340.5176	70.51765	1099.482	829.4824	61	3
37	4	1	0.6211727	340.5176	70.51765	1099.482	829.4824	77	3
38	3	1	5.071328	340.5176	70.51765	1099.482	829.4824	10	3
39	6	0	13.10846	340.5176	70.51765	1099.482	829.4824	70	3
40	1	0	9.838021	340.5176	70.51765	1099.482	829.4824	50	3
41	1	0	6.227171	340.5176	70.51765	1099.482	829.4824	8	3
42	6	0	1.555782	340.5176	70.51765	1099.482	829.4824	19	3
43	6	0	1.639659	340.5176	70.51765	1099.482	829.4824	7	3
44	4	0	2.579983	340.5176	70.51765	1099.482	829.4824	12	3
45	6	0	2.298634	340.5176	70.51765	1099.482	829.4824	83	3
46	4	1	2.39851	340.5176	70.51765	1099.482	829.4824	25	3
47	4	0	6.547631	340.5176	70.51765	1099.482	829.4824	85	3
48	2	0	3.089207	340.5176	70.51765	1099.482	829.4824	14	3
49	NaN	NaN	274.4059	340.5176	70.51765	1099.482	829.4824	74	3
50	1	0	7.525378	340.5176	70.51765	1099.482	829.4824	13	3
51	1	1	1.574719	340.5176	70.51765	1099.482	829.4824	22	3
52	6	1	2.891592	340.5176	70.51765	1099.482	829.4824	43	3
53	5	1	1.96178	340.5176	70.51765	1099.482	829.4824	84	3
54	4	0	1.742851	340.5176	70.51765	1099.482	829.4824	90	3
55	4	1	0.1827186	340.5176	70.51765	1099.482	829.4824	26	3
56	3	0	7.282117	340.5176	70.51765	1099.482	829.4824	56	3
57	4	0	1.710122	340.5176	70.51765	1099.482	829.4824	93	3
58	5	0	2.456075	340.5176	70.51765	1099.482	829.4824	6	3
59	3	1	1.87323	340.5176	70.51765	1099.482	829.4824	64	3
60	4	0	0.8632331	340.5176	70.51765	1099.482	829.4824	44	3
61	4	1	0.2708181	340.5176	70.51765	1099.482	829.4824	75	3
62	2	0	1.329461	340.5176	70.51765	1099.482	829.4824	32	3
63	3	1	3.744248	340.5176	70.51765	1099.482	829.4824	11	3
64	6	0	1.619983	340.5176	70.51765	1099.482	829.4824	65	3
65	6	0	0.02243967	340.5176	70.51765	1099.482	829.4824	69	3
66	4	0	2.222223	340.5176	70.51765	1099.482	829.4824	92	3
67	4	1	0.3907691	340.5176	70.51765	1099.482	829.4824	78	3
68	6	0	1.683904	340.5176	70.51765	1099.482	829.4824	18	3
69	3	0	2.168556	340.5176	70.51765	1099.482	829.4824	39	3
70	2	0	0.9871485	340.5176	70.51765	1099.482	829.4824	9	3
71	6	0	5.008777	340.5176	70.51765	1099.482	829.4824	55	3
72	3	0	8.473131	340.5176	70.51765	1099.482	829.4824	33	3
73	6	0	6.847196	340.5176	70.51765	1099.482	829.4824	52	3
74	NaN	NaN	122.1726	340.5176	70.51765	1099.482	829.4824	59	3
75	1	0	2.566819	340.5176	70.51765	1099.482	829.4824	82	3
76	5	1	1.461634	340.5176	70.51765	1099.482	829.4824	36	3
77	2	0	1.852621	340.5176	70.51765	1099.482	829.4824	73	3
78	2	1	0.8555891	340.5176	70.51765	1099.482	829.4824	3	3
79	5	0	5.143226	340.5176	70.51765	1099.482	829.4824	68	3
80	4	1	0.7683672	340.5176	70.51765	1099.482	829.4824	31	3
81	1	1	1.154903	340.5176	70.51765	1099.482	829.4824	24	3
82	4	1	0.3860155	340.5176	70.51765	1099.482	829.4824	30	3
83	1	1	2.177024	340.5176	70.51765	1099.482	829.4824	72	3
84	4	1	0.6243452	340.5176	70.51765	1099.482	829.4824	29	3
85	5	0	1.618136	340.5176	70.51765	1099.482	829.4824	20	3
86	5	0	1.502538	340.5176	70.51765	1099.482	829.4824	17	3
87	1	0	3.864211	340.5176	70.51765	1099.482	829.4824	86	3
88	4	0	0.7074299	340.5176	70.51765	1099.482	829.4824	95	3
89	6	0	5.895921	340.5176	70.51765	1099.482	829.4824	66	3
90	6	0	0.8655089	340.5176	70.51765	1099.482	829.4824	23	3
91	6	0	1.30897	340.5176	70.51765	1099.482	829.4824	21	3
92	4	0	0.9200769	340.5176	70.51765	1099.482	829.4824	47	3
93	5	1	5.256607	340.5176	70.51765	1099.482	829.4824	87	3
94	NaN	NaN	4.01412	340.5176	70.51765	1099.482	829.4824	94	3
95	5	1	1.389479	340.5176	70.51765	1099.482	829.4824	38	3
96	1	0	6.589143	340.5176	70.51765	1099.482	829.4824	46	3
1	3	1	5.786128	340.5176	70.51765	1099.482	829.4824	11	2
2	4	1	3.180495	340.5176	70.51765	1099.482	829.4824	79	2
3	6	1	4.145688	340.5176	70.51765	1099.482	829.4824	47	2
4	4	0	1.549441	340.5176	70.51765	1099.482	829.4824	91	2
5	1	0	3.628324	340.5176	70.51765	1099.482	829.4824	81	2
6	2	0	7.238098	340.5176	70.51765	1099.482	829.4824	45	2
7	1	0	4.372065	340.5176	70.51765	1099.482	829.4824	61	2
8	6	0	8.266671	340.5176	70.51765	1099.482	829.4824	65	2
9	3	1	4.122559	340.5176	70.51765	1099.482	829.4824	15	2
10	2	0	5.420295	340.5176	70.51765	1099.482	829.4824	82	2
11	NaN	NaN	11.44243	340.5176	70.51765	1099.482	829.4824	10	2
12	3	1	10.10834	340.5176	70.51765	1099.482	829.4824	63	2
13	4	1	1.843244	340.5176	70.51765	1099.482	829.4824	77	2
14	4	1	1.238991	340.5176	70.51765	1099.482	829.4824	26	2
15	6	0	4.260323	340.5176	70.51765	1099.482	829.4824	20	2
16	5	0	6.967492	340.5176	70.51765	1099.482	829.4824	1	2
17	5	1	3.738593	340.5176	70.51765	1099.482	829.4824	84	2
18	1	0	2.997462	340.5176	70.51765	1099.482	829.4824	59	2
19	1	0	4.640153	340.5176	70.51765	1099.482	829.4824	87	2
20	4	0	4.185937	340.5176	70.51765	1099.482	829.4824	19	2
21	1	0	9.864713	340.5176	70.51765	1099.482	829.4824	38	2
22	6	1	4.316853	340.5176	70.51765	1099.482	829.4824	46	2
23	5	1	8.593098	340.5176	70.51765	1099.482	829.4824	86	2
24	6	0	2.21787	340.5176	70.51765	1099.482	829.4824	66	2
25	2	0	3.009306	340.5176	70.51765	1099.482	829.4824	90	2
26	3	1	6.801313	340.5176	70.51765	1099.482	829.4824	57	2
27	2	1	1.914405	340.5176	70.51765	1099.482	829.4824	52	2
28	5	0	4.941918	340.5176	70.51765	1099.482	829.4824	23	2
29	NaN	NaN	7.541833	340.5176	70.51765	1099.482	829.4824	53	2
30	1	0	5.130157	340.5176	70.51765	1099.482	829.4824	55	2
31	6	0	8.969184	340.5176	70.51765	1099.482	829.4824	4	2
32	6	0	2.643982	340.5176	70.51765	1099.482	829.4824	67	2
33	1	1	7.151153	340.5176	70.51765	1099.482	829.4824	70	2
34	3	0	4.272978	340.5176	70.51765	1099.482	829.4824	37	2
35	2	1	2.255121	340.5176	70.51765	1099.482	829.4824	49	2
36	6	0	4.12545	340.5176	70.51765	1099.482	829.4824	88	2
37	5	1	6.60447	340.5176	70.51765	1099.482	829.4824	83	2
38	2	0	2.353245	340.5176	70.51765	1099.482	829.4824	58	2
39	6	0	8.126357	340.5176	70.51765	1099.482	829.4824	5	2
40	5	1	2.272117	340.5176	70.51765	1099.482	829.4824	35	2
41	2	0	3.06014	340.5176	70.51765	1099.482	829.4824	96	2
42	2	0	3.854761	340.5176	70.51765	1099.482	829.4824	14	2
43	6	1	6.713825	340.5176	70.51765	1099.482	829.4824	41	2
44	4	0	1.414168	340.5176	70.51765	1099.482	829.4824	44	2
45	4	0	1.291831	340.5176	70.51765	1099.482	829.4824	95	2
46	5	1	1.498397	340.5176	70.51765	1099.482	829.4824	39	2
47	6	0	4.085709	340.5176	70.51765	1099.482	829.4824	21	2
48	5	1	2.022022	340.5176	70.51765	1099.482	829.4824	34	2
49	3	0	6.994008	340.5176	70.51765	1099.482	829.4824	48	2
50	1	0	6.138134	340.5176	70.51765	1099.482	829.4824	56	2
51	1	0	4.914097	340.5176	70.51765	1099.482	829.4824	36	2
52	4	0	3.454752	340.5176	70.51765	1099.482	829.4824	60	2
53	4	0	1.023082	340.5176	70.51765	1099.482	829.4824	89	2
54	6	0	4.76881	340.5176	70.51765	1099.482	829.4824	51	2
55	5	0	6.064659	340.5176	70.51765	1099.482	829.4824	24	2
56	NaN	NaN	7.901425	340.5176	70.51765	1099.482	829.4824	72	2
57	4	1	6.998267	340.5176	70.51765	1099.482	829.4824	28	2
58	3	1	3.602264	340.5176	70.51765	1099.482	829.4824	9	2
59	4	1	2.263378	340.5176	70.51765	1099.482	829.4824	76	2
60	4	1	0.568241	340.5176	70.51765	1099.482	829.4824	73	2
61	4	0	2.986898	340.5176	70.51765	1099.482	829.4824	93	2
62	4	1	4.517311	340.5176	70.51765	1099.482	829.4824	75	2
63	6	0	6.173396	340.5176	70.51765	1099.482	829.4824	2	2
64	3	1	1.99791	340.5176	70.51765	1099.482	829.4824	12	2
65	2	1	1.760226	340.5176	70.51765	1099.482	829.4824	7	2
66	4	1	8.036702	340.5176	70.51765	1099.482	829.4824	25	2
67	4	1	2.621048	340.5176	70.51765	1099.482	829.4824	30	2
68	4	1	3.11217	340.5176	70.51765	1099.482	829.4824	78	2
69	6	0	5.548307	340.5176	70.51765	1099.482	829.4824	33	2
70	4	1	1.627079	340.5176	70.51765	1099.482	829.4824	27	2
71	4	0	2.353217	340.5176	70.51765	1099.482	829.4824	50	2
72	2	0	1.382585	340.5176	70.51765	1099.482	829.4824	29	2
73	2	0	3.865538	340.5176	70.51765	1099.482	829.4824	31	2
74	3	1	2.865046	340.5176	70.51765	1099.482	829.4824	62	2
75	6	0	2.32478	340.5176	70.51765	1099.482	829.4824	18	2
76	5	0	4.552057	340.5176	70.51765	1099.482	829.4824	17	2
77	5	0	1.730027	340.5176	70.51765	1099.482	829.4824	54	2
78	3	0	2.467499	340.5176	70.51765	1099.482	829.4824	8	2
79	3	1	2.738469	340.5176	70.51765	1099.482	829.4824	64	2
80	6	0	6.067388	340.5176	70.51765	1099.482	829.4824	71	2
81	1	0	3.821886	340.5176	70.51765	1099.482	829.4824	13	2
82	4	1	2.339291	340.5176	70.51765	1099.482	829.4824	74	2
83	3	1	3.909116	340.5176	70.51765	1099.482	829.4824	16	2
84	5	0	11.66045	340.5176	70.51765	1099.482	829.4824	3	2
85	4	0	1.778828	340.5176	70.51765	1099.482	829.4824	94	2
86	4	1	1.719885	340.5176	70.51765	1099.482	829.4824	80	2
87	6	0	2.828329	340.5176	70.51765	1099.482	829.4824	68	2
88	5	0	2.671794	340.5176	70.51765	1099.482	829.4824	32	2
89	2	0	2.877373	340.5176	70.51765	1099.482	829.4824	43	2
90	5	1	10.06025	340.5176	70.51765	1099.482	829.4824	85	2
91	2	1	1.764524	340.5176	70.51765	1099.482	829.4824	6	2
92	6	0	6.328098	340.5176	70.51765	1099.482	829.4824	40	2
93	6	0	2.895085	340.5176	70.51765	1099.482	829.4824	69	2
94	2	0	3.233968	340.5176	70.51765	1099.482	829.4824	92	2
95	2	0	3.519129	340.5176	70.51765	1099.482	829.4824	22	2
96	1	0	7.393274	340.5176	70.51765	1099.482	829.4824	42	2
