1	6	0	34.08068	303.5176	4.517647	1062.482	763.4824	32	3
2	1	0	9.788705	303.5176	4.517647	1062.482	763.4824	40	3
3	5	0	7.098349	303.5176	4.517647	1062.482	763.4824	22	3
4	5	1	7.937692	303.5176	4.517647	1062.482	763.4824	34	3
5	6	1	12.37243	303.5176	4.517647	1062.482	763.4824	92	3
6	3	0	4.592916	303.5176	4.517647	1062.482	763.4824	91	3
7	1	0	2.912951	303.5176	4.517647	1062.482	763.4824	35	3
8	5	0	2.899898	303.5176	4.517647	1062.482	763.4824	6	3
9	2	1	5.816261	303.5176	4.517647	1062.482	763.4824	55	3
10	3	0	3.30396	303.5176	4.517647	1062.482	763.4824	3	3
11	4	0	4.476958	303.5176	4.517647	1062.482	763.4824	96	3
12	6	0	4.364492	303.5176	4.517647	1062.482	763.4824	68	3
13	5	0	3.453179	303.5176	4.517647	1062.482	763.4824	16	3
14	3	0	4.202245	303.5176	4.517647	1062.482	763.4824	69	3
15	2	0	2.919417	303.5176	4.517647	1062.482	763.4824	11	3
16	5	0	5.278967	303.5176	4.517647	1062.482	763.4824	54	3
17	6	0	5.568473	303.5176	4.517647	1062.482	763.4824	30	3
18	4	0	2.540939	303.5176	4.517647	1062.482	763.4824	45	3
19	4	1	2.578014	303.5176	4.517647	1062.482	763.4824	77	3
20	6	0	4.970107	303.5176	4.517647	1062.482	763.4824	60	3
21	4	1	2.512065	303.5176	4.517647	1062.482	763.4824	74	3
22	6	0	4.588353	303.5176	4.517647	1062.482	763.4824	78	3
23	1	1	4.185834	303.5176	4.517647	1062.482	763.4824	72	3
24	5	0	3.235084	303.5176	4.517647	1062.482	763.4824	62	3
25	6	0	3.876065	303.5176	4.517647	1062.482	763.4824	70	3
26	3	0	3.223141	303.5176	4.517647	1062.482	763.4824	51	3
27	1	0	3.060883	303.5176	4.517647	1062.482	763.4824	33	3
28	4	0	5.00721	303.5176	4.517647	1062.482	763.4824	7	3
29	1	0	6.729689	303.5176	4.517647	1062.482	763.4824	86	3
30	3	0	4.311861	303.5176	4.517647	1062.482	763.4824	38	3
31	2	0	4.645238	303.5176	4.517647	1062.482	763.4824	58	3
32	6	0	4.630761	303.5176	4.517647	1062.482	763.4824	76	3
33	3	0	3.754352	303.5176	4.517647	1062.482	763.4824	81	3
34	4	0	2.779047	303.5176	4.517647	1062.482	763.4824	89	3
35	6	1	5.981783	303.5176	4.517647	1062.482	763.4824	42	3
36	4	1	2.196995	303.5176	4.517647	1062.482	763.4824	28	3
37	3	0	5.015098	303.5176	4.517647	1062.482	763.4824	17	3
38	4	0	2.952566	303.5176	4.517647	1062.482	763.4824	41	3
39	6	1	3.322147	303.5176	4.517647	1062.482	763.4824	47	3
40	5	0	2.935069	303.5176	4.517647	1062.482	763.4824	80	3
41	3	1	3.740929	303.5176	4.517647	1062.482	763.4824	14	3
42	4	0	1.866887	303.5176	4.517647	1062.482	763.4824	46	3
43	2	1	2.04638	303.5176	4.517647	1062.482	763.4824	56	3
44	3	1	4.260928	303.5176	4.517647	1062.482	763.4824	63	3
45	4	0	1.983654	303.5176	4.517647	1062.482	763.4824	93	3
46	5	0	2.623809	303.5176	4.517647	1062.482	763.4824	8	3
47	6	0	7.04986	303.5176	4.517647	1062.482	763.4824	67	3
48	5	1	4.115471	303.5176	4.517647	1062.482	763.4824	84	3
49	3	0	5.058376	303.5176	4.517647	1062.482	763.4824	90	3
50	5	1	6.092493	303.5176	4.517647	1062.482	763.4824	83	3
51	3	1	2.72906	303.5176	4.517647	1062.482	763.4824	59	3
52	4	1	1.653611	303.5176	4.517647	1062.482	763.4824	79	3
53	1	0	2.600853	303.5176	4.517647	1062.482	763.4824	5	3
54	4	0	2.000664	303.5176	4.517647	1062.482	763.4824	48	3
55	5	0	3.614583	303.5176	4.517647	1062.482	763.4824	53	3
56	4	1	4.867649	303.5176	4.517647	1062.482	763.4824	29	3
57	1	1	2.838105	303.5176	4.517647	1062.482	763.4824	21	3
58	4	1	1.711467	303.5176	4.517647	1062.482	763.4824	25	3
59	2	1	2.187674	303.5176	4.517647	1062.482	763.4824	52	3
60	3	0	2.730319	303.5176	4.517647	1062.482	763.4824	37	3
61	5	0	2.451005	303.5176	4.517647	1062.482	763.4824	64	3
62	4	1	2.123647	303.5176	4.517647	1062.482	763.4824	31	3
63	1	0	2.27416	303.5176	4.517647	1062.482	763.4824	49	3
64	6	0	4.186029	303.5176	4.517647	1062.482	763.4824	27	3
65	2	0	2.713116	303.5176	4.517647	1062.482	763.4824	61	3
66	3	0	3.106098	303.5176	4.517647	1062.482	763.4824	88	3
67	2	1	2.246377	303.5176	4.517647	1062.482	763.4824	50	3
68	1	0	2.806586	303.5176	4.517647	1062.482	763.4824	87	3
69	4	1	4.84037	303.5176	4.517647	1062.482	763.4824	26	3
70	4	0	2.099128	303.5176	4.517647	1062.482	763.4824	43	3
71	6	1	5.9494	303.5176	4.517647	1062.482	763.4824	94	3
72	3	0	4.979592	303.5176	4.517647	1062.482	763.4824	19	3
73	1	0	2.32023	303.5176	4.517647	1062.482	763.4824	44	3
74	1	0	2.448638	303.5176	4.517647	1062.482	763.4824	15	3
75	6	0	4.180921	303.5176	4.517647	1062.482	763.4824	73	3
76	3	0	9.665767	303.5176	4.517647	1062.482	763.4824	1	3
77	5	1	5.962587	303.5176	4.517647	1062.482	763.4824	36	3
78	5	1	6.422713	303.5176	4.517647	1062.482	763.4824	82	3
79	6	0	3.220458	303.5176	4.517647	1062.482	763.4824	71	3
80	3	0	4.397725	303.5176	4.517647	1062.482	763.4824	23	3
81	1	1	2.873801	303.5176	4.517647	1062.482	763.4824	65	3
82	6	0	6.352132	303.5176	4.517647	1062.482	763.4824	2	3
83	2	1	3.065761	303.5176	4.517647	1062.482	763.4824	4	3
84	1	1	3.406293	303.5176	4.517647	1062.482	763.4824	18	3
85	3	0	9.052491	303.5176	4.517647	1062.482	763.4824	85	3
86	4	1	2.012566	303.5176	4.517647	1062.482	763.4824	75	3
87	6	0	4.919283	303.5176	4.517647	1062.482	763.4824	24	3
88	4	0	4.201472	303.5176	4.517647	1062.482	763.4824	95	3
89	3	0	3.265239	303.5176	4.517647	1062.482	763.4824	39	3
90	3	1	4.642043	303.5176	4.517647	1062.482	763.4824	13	3
91	5	0	5.081279	303.5176	4.517647	1062.482	763.4824	9	3
92	6	0	5.551671	303.5176	4.517647	1062.482	763.4824	66	3
93	NaN	NaN	13.25822	303.5176	4.517647	1062.482	763.4824	20	3
94	2	0	4.849348	303.5176	4.517647	1062.482	763.4824	57	3
95	6	0	3.393404	303.5176	4.517647	1062.482	763.4824	10	3
96	5	0	2.147403	303.5176	4.517647	1062.482	763.4824	12	3
1	6	1	6.766672	303.5176	4.517647	1062.482	763.4824	93	1
2	3	0	8.326575	303.5176	4.517647	1062.482	763.4824	54	1
3	5	0	17.28381	303.5176	4.517647	1062.482	763.4824	15	1
4	4	0	3.457127	303.5176	4.517647	1062.482	763.4824	45	1
5	3	0	4.395292	303.5176	4.517647	1062.482	763.4824	39	1
6	4	0	3.922015	303.5176	4.517647	1062.482	763.4824	89	1
7	1	0	7.708776	303.5176	4.517647	1062.482	763.4824	7	1
8	6	1	3.047621	303.5176	4.517647	1062.482	763.4824	95	1
9	4	1	1.576336	303.5176	4.517647	1062.482	763.4824	25	1
10	4	0	2.579633	303.5176	4.517647	1062.482	763.4824	90	1
11	5	0	5.328462	303.5176	4.517647	1062.482	763.4824	61	1
12	4	1	1.655714	303.5176	4.517647	1062.482	763.4824	78	1
13	3	1	5.219722	303.5176	4.517647	1062.482	763.4824	59	1
14	3	0	0.904366	303.5176	4.517647	1062.482	763.4824	8	1
15	6	0	5.178069	303.5176	4.517647	1062.482	763.4824	24	1
16	6	1	2.093536	303.5176	4.517647	1062.482	763.4824	48	1
17	3	0	3.353892	303.5176	4.517647	1062.482	763.4824	1	1
18	3	0	5.156053	303.5176	4.517647	1062.482	763.4824	65	1
19	6	0	5.18388	303.5176	4.517647	1062.482	763.4824	33	1
20	3	0	7.685057	303.5176	4.517647	1062.482	763.4824	2	1
21	2	0	6.284117	303.5176	4.517647	1062.482	763.4824	14	1
22	3	0	2.938238	303.5176	4.517647	1062.482	763.4824	18	1
23	6	0	3.578329	303.5176	4.517647	1062.482	763.4824	9	1
24	6	0	2.697278	303.5176	4.517647	1062.482	763.4824	70	1
25	3	0	7.602129	303.5176	4.517647	1062.482	763.4824	17	1
26	6	0	13.14101	303.5176	4.517647	1062.482	763.4824	58	1
27	4	1	4.506914	303.5176	4.517647	1062.482	763.4824	73	1
28	4	0	3.153963	303.5176	4.517647	1062.482	763.4824	37	1
29	4	1	1.38012	303.5176	4.517647	1062.482	763.4824	74	1
30	4	0	5.033729	303.5176	4.517647	1062.482	763.4824	43	1
31	4	1	1.029705	303.5176	4.517647	1062.482	763.4824	77	1
32	3	1	3.824971	303.5176	4.517647	1062.482	763.4824	11	1
33	2	0	1.690284	303.5176	4.517647	1062.482	763.4824	62	1
34	5	0	2.30797	303.5176	4.517647	1062.482	763.4824	57	1
35	5	1	2.392702	303.5176	4.517647	1062.482	763.4824	84	1
36	6	0	4.460888	303.5176	4.517647	1062.482	763.4824	88	1
37	3	1	2.678566	303.5176	4.517647	1062.482	763.4824	12	1
38	4	1	1.309812	303.5176	4.517647	1062.482	763.4824	31	1
39	6	0	3.824089	303.5176	4.517647	1062.482	763.4824	64	1
40	3	0	4.821587	303.5176	4.517647	1062.482	763.4824	86	1
41	4	0	1.655193	303.5176	4.517647	1062.482	763.4824	96	1
42	3	0	5.02128	303.5176	4.517647	1062.482	763.4824	50	1
43	2	1	1.48137	303.5176	4.517647	1062.482	763.4824	53	1
44	6	0	8.32593	303.5176	4.517647	1062.482	763.4824	83	1
45	5	1	3.633005	303.5176	4.517647	1062.482	763.4824	38	1
46	5	0	1.711707	303.5176	4.517647	1062.482	763.4824	49	1
47	3	0	3.992322	303.5176	4.517647	1062.482	763.4824	56	1
48	4	1	1.49824	303.5176	4.517647	1062.482	763.4824	80	1
49	3	0	7.739439	303.5176	4.517647	1062.482	763.4824	67	1
50	1	0	2.544448	303.5176	4.517647	1062.482	763.4824	55	1
51	1	0	2.016901	303.5176	4.517647	1062.482	763.4824	87	1
52	6	0	4.714289	303.5176	4.517647	1062.482	763.4824	5	1
53	4	0	2.437845	303.5176	4.517647	1062.482	763.4824	44	1
54	2	0	5.159134	303.5176	4.517647	1062.482	763.4824	13	1
55	3	0	3.075333	303.5176	4.517647	1062.482	763.4824	35	1
56	5	0	3.917924	303.5176	4.517647	1062.482	763.4824	51	1
57	4	1	1.461686	303.5176	4.517647	1062.482	763.4824	79	1
58	6	0	4.449017	303.5176	4.517647	1062.482	763.4824	23	1
59	1	0	3.107862	303.5176	4.517647	1062.482	763.4824	40	1
60	4	0	1.880243	303.5176	4.517647	1062.482	763.4824	41	1
61	5	0	4.913795	303.5176	4.517647	1062.482	763.4824	66	1
62	4	0	1.726215	303.5176	4.517647	1062.482	763.4824	92	1
63	6	0	4.049668	303.5176	4.517647	1062.482	763.4824	52	1
64	6	0	2.085298	303.5176	4.517647	1062.482	763.4824	69	1
65	4	1	1.325255	303.5176	4.517647	1062.482	763.4824	27	1
66	3	0	1.907707	303.5176	4.517647	1062.482	763.4824	19	1
67	4	1	1.300308	303.5176	4.517647	1062.482	763.4824	26	1
68	5	0	2.722438	303.5176	4.517647	1062.482	763.4824	63	1
69	5	1	3.176962	303.5176	4.517647	1062.482	763.4824	81	1
70	3	0	3.690815	303.5176	4.517647	1062.482	763.4824	71	1
71	1	1	2.771119	303.5176	4.517647	1062.482	763.4824	22	1
72	6	0	4.131839	303.5176	4.517647	1062.482	763.4824	82	1
73	3	0	3.034388	303.5176	4.517647	1062.482	763.4824	85	1
74	4	1	1.005458	303.5176	4.517647	1062.482	763.4824	30	1
75	4	1	2.914704	303.5176	4.517647	1062.482	763.4824	29	1
76	3	0	3.976278	303.5176	4.517647	1062.482	763.4824	21	1
77	4	0	1.980004	303.5176	4.517647	1062.482	763.4824	47	1
78	4	1	0.8141958	303.5176	4.517647	1062.482	763.4824	32	1
79	6	0	1.651837	303.5176	4.517647	1062.482	763.4824	20	1
80	4	1	4.14309	303.5176	4.517647	1062.482	763.4824	28	1
81	3	0	4.265266	303.5176	4.517647	1062.482	763.4824	3	1
82	6	0	3.554945	303.5176	4.517647	1062.482	763.4824	16	1
83	6	1	3.340685	303.5176	4.517647	1062.482	763.4824	46	1
84	5	0	5.088475	303.5176	4.517647	1062.482	763.4824	10	1
85	3	0	4.659934	303.5176	4.517647	1062.482	763.4824	68	1
86	1	0	2.114282	303.5176	4.517647	1062.482	763.4824	34	1
87	4	0	1.518867	303.5176	4.517647	1062.482	763.4824	91	1
88	4	1	1.746902	303.5176	4.517647	1062.482	763.4824	75	1
89	3	0	3.00118	303.5176	4.517647	1062.482	763.4824	72	1
90	3	0	3.871529	303.5176	4.517647	1062.482	763.4824	36	1
91	2	1	1.777525	303.5176	4.517647	1062.482	763.4824	4	1
92	4	1	1.022405	303.5176	4.517647	1062.482	763.4824	76	1
93	6	0	6.730267	303.5176	4.517647	1062.482	763.4824	6	1
94	6	1	2.588644	303.5176	4.517647	1062.482	763.4824	42	1
95	1	0	2.854097	303.5176	4.517647	1062.482	763.4824	60	1
96	4	0	1.553209	303.5176	4.517647	1062.482	763.4824	94	1
1	4	1	6.886924	303.5176	4.517647	1062.482	763.4824	28	2
2	6	0	4.117442	303.5176	4.517647	1062.482	763.4824	64	2
3	6	0	1.231176	303.5176	4.517647	1062.482	763.4824	15	2
4	1	1	2.186733	303.5176	4.517647	1062.482	763.4824	19	2
5	5	0	3.61802	303.5176	4.517647	1062.482	763.4824	67	2
6	4	1	1.695039	303.5176	4.517647	1062.482	763.4824	77	2
7	3	0	2.813952	303.5176	4.517647	1062.482	763.4824	49	2
8	1	1	2.781477	303.5176	4.517647	1062.482	763.4824	69	2
9	1	0	2.009707	303.5176	4.517647	1062.482	763.4824	31	2
10	2	0	2.202334	303.5176	4.517647	1062.482	763.4824	94	2
11	3	0	2.980768	303.5176	4.517647	1062.482	763.4824	74	2
12	6	1	13.48461	303.5176	4.517647	1062.482	763.4824	92	2
13	4	0	3.818251	303.5176	4.517647	1062.482	763.4824	23	2
14	6	0	4.160669	303.5176	4.517647	1062.482	763.4824	5	2
15	1	0	2.501079	303.5176	4.517647	1062.482	763.4824	82	2
16	3	0	2.312019	303.5176	4.517647	1062.482	763.4824	66	2
17	6	0	4.670965	303.5176	4.517647	1062.482	763.4824	22	2
18	2	0	2.177456	303.5176	4.517647	1062.482	763.4824	73	2
19	3	0	2.180153	303.5176	4.517647	1062.482	763.4824	29	2
20	4	1	4.854176	303.5176	4.517647	1062.482	763.4824	25	2
21	NaN	NaN	11.49102	303.5176	4.517647	1062.482	763.4824	39	2
22	3	0	2.53957	303.5176	4.517647	1062.482	763.4824	50	2
23	5	1	2.519219	303.5176	4.517647	1062.482	763.4824	37	2
24	2	0	2.198721	303.5176	4.517647	1062.482	763.4824	26	2
25	2	0	1.828785	303.5176	4.517647	1062.482	763.4824	88	2
26	4	0	2.298477	303.5176	4.517647	1062.482	763.4824	46	2
27	4	0	0.9820972	303.5176	4.517647	1062.482	763.4824	95	2
28	6	0	3.027136	303.5176	4.517647	1062.482	763.4824	52	2
29	3	1	3.330994	303.5176	4.517647	1062.482	763.4824	9	2
30	5	0	4.076341	303.5176	4.517647	1062.482	763.4824	68	2
31	2	0	2.768271	303.5176	4.517647	1062.482	763.4824	65	2
32	3	0	2.423761	303.5176	4.517647	1062.482	763.4824	54	2
33	4	0	1.660933	303.5176	4.517647	1062.482	763.4824	41	2
34	1	1	2.480113	303.5176	4.517647	1062.482	763.4824	21	2
35	6	0	3.058298	303.5176	4.517647	1062.482	763.4824	34	2
36	5	0	4.680508	303.5176	4.517647	1062.482	763.4824	12	2
37	4	1	0.9175408	303.5176	4.517647	1062.482	763.4824	75	2
38	3	0	2.782194	303.5176	4.517647	1062.482	763.4824	86	2
39	2	0	2.562685	303.5176	4.517647	1062.482	763.4824	58	2
40	5	1	3.402582	303.5176	4.517647	1062.482	763.4824	40	2
41	2	0	2.440339	303.5176	4.517647	1062.482	763.4824	78	2
42	6	0	5.473443	303.5176	4.517647	1062.482	763.4824	24	2
43	1	0	3.412813	303.5176	4.517647	1062.482	763.4824	87	2
44	4	0	2.118692	303.5176	4.517647	1062.482	763.4824	93	2
45	4	0	1.488153	303.5176	4.517647	1062.482	763.4824	89	2
46	6	0	5.248955	303.5176	4.517647	1062.482	763.4824	32	2
47	3	0	3.019097	303.5176	4.517647	1062.482	763.4824	45	2
48	1	1	3.487747	303.5176	4.517647	1062.482	763.4824	17	2
49	3	0	3.610605	303.5176	4.517647	1062.482	763.4824	38	2
50	4	0	2.138761	303.5176	4.517647	1062.482	763.4824	43	2
51	5	1	2.09468	303.5176	4.517647	1062.482	763.4824	81	2
52	3	0	3.907728	303.5176	4.517647	1062.482	763.4824	70	2
53	3	1	1.699121	303.5176	4.517647	1062.482	763.4824	59	2
54	2	0	1.952812	303.5176	4.517647	1062.482	763.4824	14	2
55	6	0	2.086805	303.5176	4.517647	1062.482	763.4824	56	2
56	1	0	2.883975	303.5176	4.517647	1062.482	763.4824	60	2
57	1	0	2.760983	303.5176	4.517647	1062.482	763.4824	85	2
58	3	0	2.721532	303.5176	4.517647	1062.482	763.4824	36	2
59	5	1	3.131594	303.5176	4.517647	1062.482	763.4824	84	2
60	4	0	1.970461	303.5176	4.517647	1062.482	763.4824	2	2
61	4	0	1.441954	303.5176	4.517647	1062.482	763.4824	18	2
62	3	0	1.972549	303.5176	4.517647	1062.482	763.4824	55	2
63	1	0	1.207339	303.5176	4.517647	1062.482	763.4824	10	2
64	2	0	2.688234	303.5176	4.517647	1062.482	763.4824	42	2
65	2	0	1.193801	303.5176	4.517647	1062.482	763.4824	96	2
66	6	0	4.055507	303.5176	4.517647	1062.482	763.4824	27	2
67	2	0	2.322479	303.5176	4.517647	1062.482	763.4824	63	2
68	4	0	3.971895	303.5176	4.517647	1062.482	763.4824	91	2
69	1	0	2.717433	303.5176	4.517647	1062.482	763.4824	61	2
70	6	1	3.258268	303.5176	4.517647	1062.482	763.4824	44	2
71	3	0	4.942792	303.5176	4.517647	1062.482	763.4824	3	2
72	2	0	2.449252	303.5176	4.517647	1062.482	763.4824	83	2
73	2	1	6.047684	303.5176	4.517647	1062.482	763.4824	6	2
74	4	1	1.790296	303.5176	4.517647	1062.482	763.4824	80	2
75	6	0	2.215595	303.5176	4.517647	1062.482	763.4824	16	2
76	5	0	4.752022	303.5176	4.517647	1062.482	763.4824	53	2
77	4	0	2.582907	303.5176	4.517647	1062.482	763.4824	90	2
78	3	0	1.706661	303.5176	4.517647	1062.482	763.4824	8	2
79	1	0	2.071234	303.5176	4.517647	1062.482	763.4824	13	2
80	2	0	2.267468	303.5176	4.517647	1062.482	763.4824	30	2
81	2	1	1.24442	303.5176	4.517647	1062.482	763.4824	1	2
82	4	1	1.791099	303.5176	4.517647	1062.482	763.4824	79	2
83	1	1	2.45392	303.5176	4.517647	1062.482	763.4824	20	2
84	3	0	2.776176	303.5176	4.517647	1062.482	763.4824	76	2
85	6	0	5.372424	303.5176	4.517647	1062.482	763.4824	4	2
86	3	0	3.312501	303.5176	4.517647	1062.482	763.4824	71	2
87	2	0	2.265211	303.5176	4.517647	1062.482	763.4824	48	2
88	1	0	4.817618	303.5176	4.517647	1062.482	763.4824	62	2
89	6	0	3.398418	303.5176	4.517647	1062.482	763.4824	33	2
90	3	0	3.322166	303.5176	4.517647	1062.482	763.4824	7	2
91	4	0	2.534317	303.5176	4.517647	1062.482	763.4824	72	2
92	4	0	1.859785	303.5176	4.517647	1062.482	763.4824	57	2
93	6	0	4.306222	303.5176	4.517647	1062.482	763.4824	35	2
94	1	0	2.330754	303.5176	4.517647	1062.482	763.4824	47	2
95	3	0	2.517436	303.5176	4.517647	1062.482	763.4824	51	2
96	3	1	4.080038	303.5176	4.517647	1062.482	763.4824	11	2
